1e-05  0  0  0  0  0  0  0  0  1.0088e-05  0  0  0  0
0.0001  0  0  0  0  0  0  0  0  8.10879e-05  0  0  0  0
0.001  0  0  0  0  0  0  0  0  0.000643706  0  0  0  0
0.01  0  0  0  0  0  0  0  0  0.00506419  0  0  0  0
0.1  0  0  0  0  0  0  0  0  0.0419245  0  0  0  0
0.3  0  0  0  0  0  0  0  0  0.141642  0  0  0  0
0.5  0  0  0  0  0  0  0  0  0.31313  0  0  0  0
0.7  0  0  0  0  0  0  0  0  0.648015  0  0  0  0
0.9  0  0  0  0  0  0  0  0  1.72776  0  0  0  0
0.95  0  0  0  0  0  0  0  0  2.77571  0  0  0  0
0.99  0  0  0  0  0  0  0  0  8.98745  0  0  0  0
0.999  0  0  0  0  0  0  0  0  8.5194  0  0  0  0
1  0  0  0  0  0  0  0  0  3.08408  0  0  0  0
