1e-05  0  0  0  0  0  0  0  0  1.79356e-05  0  0  0  0
0.0001  0  0  0  0  0  0  0  0  0.000137041  0  0  0  0
0.001  0  0  0  0  0  0  0  0  0.00102851  0  0  0  0
0.01  0  0  0  0  0  0  0  0  0.00759253  0  0  0  0
0.1  0  0  0  0  0  0  0  0  0.0582954  0  0  0  0
0.3  0  0  0  0  0  0  0  0  0.187478  0  0  0  0
0.5  0  0  0  0  0  0  0  0  0.387703  0  0  0  0
0.7  0  0  0  0  0  0  0  0  0.735499  0  0  0  0
0.9  0  0  0  0  0  0  0  0  1.62907  0  0  0  0
0.95  0  0  0  0  0  0  0  0  2.32818  0  0  0  0
0.99  0  0  0  0  0  0  0  0  5.36548  0  0  0  0
0.999  0  0  0  0  0  0  0  0  3.08203  0  0  0  0
1  0  0  0  0  0  0  0  0  0.792237  0  0  0  0
