1e-05  0  0  0  0  0  0  0  0  3.24793e-05  0  0  0  0
0.0001  0  0  0  0  0  0  0  0  0.000253576  0  0  0  0
0.001  0  0  0  0  0  0  0  0  0.00194166  0  0  0  0
0.01  0  0  0  0  0  0  0  0  0.0145289  0  0  0  0
0.1  0  0  0  0  0  0  0  0  0.0980851  0  0  0  0
0.3  0  0  0  0  0  0  0  0  0.216874  0  0  0  0
0.5  0  0  0  0  0  0  0  0  0.447789  0  0  0  0
0.7  0  0  0  0  0  0  0  0  0.779897  0  0  0  0
0.9  0  0  0  0  0  0  0  0  1.98167  0  0  0  0
0.95  0  0  0  0  0  0  0  0  3.17584  0  0  0  0
0.99  0  0  0  0  0  0  0  0  9.21646  0  0  0  0
0.999  0  0  0  0  0  0  0  0  13.4301  0  0  0  0
1  0  0  0  0  0  0  0  0  6.63485  0  0  0  0
