1e-05  0  0  0  0  0  0  0  0  5.08827e-06  0  0  0  0
0.0001  0  0  0  0  0  0  0  0  4.32908e-05  0  0  0  0
0.001  0  0  0  0  0  0  0  0  0.000365696  0  0  0  0
0.01  0  0  0  0  0  0  0  0  0.0030832  0  0  0  0
0.1  0  0  0  0  0  0  0  0  0.0276424  0  0  0  0
0.3  0  0  0  0  0  0  0  0  0.0956759  0  0  0  0
0.5  0  0  0  0  0  0  0  0  0.225389  0  0  0  0
0.7  0  0  0  0  0  0  0  0  0.503541  0  0  0  0
0.9  0  0  0  0  0  0  0  0  1.60497  0  0  0  0
0.95  0  0  0  0  0  0  0  0  2.89355  0  0  0  0
0.99  0  0  0  0  0  0  0  0  13.2514  0  0  0  0
0.999  0  0  0  0  0  0  0  0  23.1681  0  0  0  0
1  0  0  0  0  0  0  0  0  11.7681  0  0  0  0
