1e-05  0  0  0  0  0  0  0  0  7.78723e-06  0  0  0  0
0.0001  0  0  0  0  0  0  0  0  6.39823e-05  0  0  0  0
0.001  0  0  0  0  0  0  0  0  0.000520304  0  0  0  0
0.01  0  0  0  0  0  0  0  0  0.00420537  0  0  0  0
0.1  0  0  0  0  0  0  0  0  0.0359195  0  0  0  0
0.3  0  0  0  0  0  0  0  0  0.123059  0  0  0  0
0.5  0  0  0  0  0  0  0  0  0.279197  0  0  0  0
0.7  0  0  0  0  0  0  0  0  0.596853  0  0  0  0
0.9  0  0  0  0  0  0  0  0  1.71154  0  0  0  0
0.95  0  0  0  0  0  0  0  0  2.88081  0  0  0  0
0.99  0  0  0  0  0  0  0  0  10.7137  0  0  0  0
0.999  0  0  0  0  0  0  0  0  12.7625  0  0  0  0
1  0  0  0  0  0  0  0  0  5.29667  0  0  0  0
