1e-05  0  0  0  0  0  0  0  0  0.000644096  0  0  0  0
0.0001  0  0  0  0  0  0  0  0  -0.00352339  0  0  0  0
0.001  0  0  0  0  0  0  0  0  0.0158877  0  0  0  0
0.01  0  0  0  0  0  0  0  0  0.0664389  0  0  0  0
0.1  0  0  0  0  0  0  0  0  0.581013  0  0  0  0
0.3  0  0  0  0  0  0  0  0  -0.169976  0  0  0  0
0.5  0  0  0  0  0  0  0  0  -0.823787  0  0  0  0
0.7  0  0  0  0  0  0  0  0  0.823775  0  0  0  0
0.9  0  0  0  0  0  0  0  0  2.45235  0  0  0  0
0.95  0  0  0  0  0  0  0  0  3.7546  0  0  0  0
0.99  0  0  0  0  0  0  0  0  4.00681  0  0  0  0
0.999  0  0  0  0  0  0  0  0  2.25803  0  0  0  0
1  0  0  0  0  0  0  0  0  1.97965  0  0  0  0
