1e-05  0  0  0  0  0  0  0  0  7.99944e-06  0  0  0  0
0.0001  0  0  0  0  0  0  0  0  6.55779e-05  0  0  0  0
0.001  0  0  0  0  0  0  0  0  0.000531963  0  0  0  0
0.01  0  0  0  0  0  0  0  0  0.00428776  0  0  0  0
0.1  0  0  0  0  0  0  0  0  0.036507  0  0  0  0
0.3  0  0  0  0  0  0  0  0  0.124923  0  0  0  0
0.5  0  0  0  0  0  0  0  0  0.282696  0  0  0  0
0.7  0  0  0  0  0  0  0  0  0.602416  0  0  0  0
0.9  0  0  0  0  0  0  0  0  1.715  0  0  0  0
0.95  0  0  0  0  0  0  0  0  2.87318  0  0  0  0
0.99  0  0  0  0  0  0  0  0  10.5371  0  0  0  0
0.999  0  0  0  0  0  0  0  0  12.2558  0  0  0  0
1  0  0  0  0  0  0  0  0  5.01714  0  0  0  0
