1e-05  0  0  0  0  0  0  0  0  9.46271e-06  0  0  0  0
0.0001  0  0  0  0  0  0  0  0  8.9499e-05  0  0  0  0
0.001  0  0  0  0  0  0  0  0  0.000846165  0  0  0  0
0.01  0  0  0  0  0  0  0  0  0.00804699  0  0  0  0
0.1  0  0  0  0  0  0  0  0  0.0772327  0  0  0  0
0.3  0  0  0  0  0  0  0  0  0.120697  0  0  0  0
0.5  0  0  0  0  0  0  0  0  0.300627  0  0  0  0
0.7  0  0  0  0  0  0  0  0  0.319375  0  0  0  0
0.9  0  0  0  0  0  0  0  0  0.95966  0  0  0  0
0.95  0  0  0  0  0  0  0  0  2.03712  0  0  0  0
0.99  0  0  0  0  0  0  0  0  19.0134  0  0  0  0
0.999  0  0  0  0  0  0  0  0  129.708  0  0  0  0
1  0  0  0  0  0  0  0  0  107.963  0  0  0  0
