1e-05  0  0  0  0  0  0  0  0  5.41779e-06  0  0  0  0
0.0001  0  0  0  0  0  0  0  0  5.82175e-05  0  0  0  0
0.001  0  0  0  0  0  0  0  0  0.000852533  0  0  0  0
0.01  0  0  0  0  0  0  0  0  -0.0107034  0  0  0  0
0.1  0  0  0  0  0  0  0  0  0.300572  0  0  0  0
0.3  0  0  0  0  0  0  0  0  -0.0531912  0  0  0  0
0.5  0  0  0  0  0  0  0  0  -0.995823  0  0  0  0
0.7  0  0  0  0  0  0  0  0  0.372536  0  0  0  0
0.9  0  0  0  0  0  0  0  0  1.78903  0  0  0  0
0.95  0  0  0  0  0  0  0  0  8.94387  0  0  0  0
0.99  0  0  0  0  0  0  0  0  16.0942  0  0  0  0
0.999  0  0  0  0  0  0  0  0  13.4505  0  0  0  0
1  0  0  0  0  0  0  0  0  12.5812  0  0  0  0
