1e-05  0  0  0  0  0  0  0  0  2.98379e-09  0  0  0  0
0.0001  0  0  0  0  0  0  0  0  2.98355e-08  0  0  0  0
0.001  0  0  0  0  0  0  0  0  2.98573e-07  0  0  0  0
0.01  0  0  0  0  0  0  0  0  3.01266e-06  0  0  0  0
0.1  0  0  0  0  0  0  0  0  3.34601e-05  0  0  0  0
0.3  0  0  0  0  0  0  0  0  9.31284e-05  0  0  0  0
0.5  0  0  0  0  0  0  0  0  0.000249625  0  0  0  0
0.7  0  0  0  0  0  0  0  0  0.000582268  0  0  0  0
0.9  0  0  0  0  0  0  0  0  0.00260786  0  0  0  0
0.95  0  0  0  0  0  0  0  0  0.00599847  0  0  0  0
0.99  0  0  0  0  0  0  0  0  0.615892  0  0  0  0
0.999  0  0  0  0  0  0  0  0  179.695  0  0  0  0
1  0  0  0  0  0  0  0  0  199.481  0  0  0  0
