1e-05  0  0  0  0  0  0  0  0  2.30761e-05  0  0  0  0
0.0001  0  0  0  0  0  0  0  0  0.000172296  0  0  0  0
0.001  0  0  0  0  0  0  0  0  0.00126024  0  0  0  0
0.01  0  0  0  0  0  0  0  0  0.00903206  0  0  0  0
0.1  0  0  0  0  0  0  0  0  0.0668929  0  0  0  0
0.3  0  0  0  0  0  0  0  0  0.209048  0  0  0  0
0.5  0  0  0  0  0  0  0  0  0.418074  0  0  0  0
0.7  0  0  0  0  0  0  0  0  0.758626  0  0  0  0
0.9  0  0  0  0  0  0  0  0  1.53306  0  0  0  0
0.95  0  0  0  0  0  0  0  0  2.069  0  0  0  0
0.99  0  0  0  0  0  0  0  0  4.05102  0  0  0  0
0.999  0  0  0  0  0  0  0  0  1.86876  0  0  0  0
1  0  0  0  0  0  0  0  0  0.407305  0  0  0  0
