1e-05  0  0  0  0  0  0  0  0  3.89973e-05  0  0  0  0
0.0001  0  0  0  0  0  0  0  0  0.000367633  0  0  0  0
0.001  0  0  0  0  0  0  0  0  0.00340132  0  0  0  0
0.01  0  0  0  0  0  0  0  0  0.0296211  0  0  0  0
0.1  0  0  0  0  0  0  0  0  -0.132529  0  0  0  0
0.3  0  0  0  0  0  0  0  0  0.382472  0  0  0  0
0.5  0  0  0  0  0  0  0  0  4.66434  0  0  0  0
0.7  0  0  0  0  0  0  0  0  1.61919  0  0  0  0
0.9  0  0  0  0  0  0  0  0  0.508296  0  0  0  0
0.95  0  0  0  0  0  0  0  0  15.007  0  0  0  0
0.99  0  0  0  0  0  0  0  0  78.5124  0  0  0  0
0.999  0  0  0  0  0  0  0  0  125.839  0  0  0  0
1  0  0  0  0  0  0  0  0  123.18  0  0  0  0
