1e-05  0  0  0  0  0  0  0  0  2.71208e-05  0  0  0  0
0.0001  0  0  0  0  0  0  0  0  0.000199465  0  0  0  0
0.001  0  0  0  0  0  0  0  0  0.00143452  0  0  0  0
0.01  0  0  0  0  0  0  0  0  0.0100823  0  0  0  0
0.1  0  0  0  0  0  0  0  0  0.0728837  0  0  0  0
0.3  0  0  0  0  0  0  0  0  0.223156  0  0  0  0
0.5  0  0  0  0  0  0  0  0  0.436175  0  0  0  0
0.7  0  0  0  0  0  0  0  0  0.767674  0  0  0  0
0.9  0  0  0  0  0  0  0  0  1.45779  0  0  0  0
0.95  0  0  0  0  0  0  0  0  1.8927  0  0  0  0
0.99  0  0  0  0  0  0  0  0  3.32305  0  0  0  0
0.999  0  0  0  0  0  0  0  0  1.33052  0  0  0  0
1  0  0  0  0  0  0  0  0  0.259802  0  0  0  0
