1e-05  0  0  0  0  0  0  0  0  2.96539e-08  0  0  0  0
0.0001  0  0  0  0  0  0  0  0  2.96062e-07  0  0  0  0
0.001  0  0  0  0  0  0  0  0  2.95826e-06  0  0  0  0
0.01  0  0  0  0  0  0  0  0  2.98032e-05  0  0  0  0
0.1  0  0  0  0  0  0  0  0  0.00033036  0  0  0  0
0.3  0  0  0  0  0  0  0  0  0.000923571  0  0  0  0
0.5  0  0  0  0  0  0  0  0  0.00247299  0  0  0  0
0.7  0  0  0  0  0  0  0  0  0.00577589  0  0  0  0
0.9  0  0  0  0  0  0  0  0  0.025807  0  0  0  0
0.95  0  0  0  0  0  0  0  0  0.0592413  0  0  0  0
0.99  0  0  0  0  0  0  0  0  1.12828  0  0  0  0
0.999  0  0  0  0  0  0  0  0  176.988  0  0  0  0
1  0  0  0  0  0  0  0  0  194.899  0  0  0  0
