1e-05  0  0  0  0  0  0  0  0  0.00064424  0  0  0  0
0.0001  0  0  0  0  0  0  0  0  -0.00352307  0  0  0  0
0.001  0  0  0  0  0  0  0  0  0.0158871  0  0  0  0
0.01  0  0  0  0  0  0  0  0  0.0664375  0  0  0  0
0.1  0  0  0  0  0  0  0  0  0.58101  0  0  0  0
0.3  0  0  0  0  0  0  0  0  -0.169982  0  0  0  0
0.5  0  0  0  0  0  0  0  0  -0.823778  0  0  0  0
0.7  0  0  0  0  0  0  0  0  0.823774  0  0  0  0
0.9  0  0  0  0  0  0  0  0  2.45233  0  0  0  0
0.95  0  0  0  0  0  0  0  0  3.75459  0  0  0  0
0.99  0  0  0  0  0  0  0  0  4.00676  0  0  0  0
0.999  0  0  0  0  0  0  0  0  2.25803  0  0  0  0
1  0  0  0  0  0  0  0  0  1.97967  0  0  0  0
