1e-05  0  0  0  0  0  0  0  0  2.09702e-05  0  0  0  0
0.0001  0  0  0  0  0  0  0  0  0.000158249  0  0  0  0
0.001  0  0  0  0  0  0  0  0  0.001172  0  0  0  0
0.01  0  0  0  0  0  0  0  0  0.00853427  0  0  0  0
0.1  0  0  0  0  0  0  0  0  0.0655463  0  0  0  0
0.3  0  0  0  0  0  0  0  0  0.210571  0  0  0  0
0.5  0  0  0  0  0  0  0  0  0.431017  0  0  0  0
0.7  0  0  0  0  0  0  0  0  0.808828  0  0  0  0
0.9  0  0  0  0  0  0  0  0  1.86685  0  0  0  0
0.95  0  0  0  0  0  0  0  0  2.07255  0  0  0  0
0.99  0  0  0  0  0  0  0  0  0.908917  0  0  0  0
0.999  0  0  0  0  0  0  0  0  0.196954  0  0  0  0
1  0  0  0  0  0  0  0  0  0.0407558  0  0  0  0
