1e-05  0  0  0  0  0  0  0  0  1.93344e-05  0  0  0  0
0.0001  0  0  0  0  0  0  0  0  0.0001832  0  0  0  0
0.001  0  0  0  0  0  0  0  0  0.00173274  0  0  0  0
0.01  0  0  0  0  0  0  0  0  0.0164852  0  0  0  0
0.1  0  0  0  0  0  0  0  0  0.179046  0  0  0  0
0.3  0  0  0  0  0  0  0  0  0.244814  0  0  0  0
0.5  0  0  0  0  0  0  0  0  0.599668  0  0  0  0
0.7  0  0  0  0  0  0  0  0  0.62666  0  0  0  0
0.9  0  0  0  0  0  0  0  0  1.27833  0  0  0  0
0.95  0  0  0  0  0  0  0  0  2.52693  0  0  0  0
0.99  0  0  0  0  0  0  0  0  26.8658  0  0  0  0
0.999  0  0  0  0  0  0  0  0  128.391  0  0  0  0
1  0  0  0  0  0  0  0  0  115.331  0  0  0  0
