1e-05  -0.166313  -0.166313  -0.529367  -0.529367  -0.529367  -0.529367  -0.529367  -0.529367  -0.529367  -0.529367  -0.529367  -0.529367  -1.09327
0.0001  -0.128535  -0.128535  -0.243947  -0.243947  -0.243947  -0.243947  -0.243947  -0.243947  -0.243947  -0.243947  -0.243947  -0.243947  -0.480553
0.001  -0.114483  -0.114483  -0.0538001  -0.0538001  -0.0538001  -0.0538001  -0.0538001  -0.0538001  -0.0538001  -0.0538001  -0.0538001  -0.0538001  -0.0753941
0.01  -0.115152  -0.115152  0.0629786  0.0629786  0.0629786  0.0629786  0.0629786  0.0629786  0.0629786  0.0629786  0.0629786  0.0629786  0.170607
0.02  -0.1167  -0.1167  0.0855282  0.0855282  0.0855282  0.0855282  0.0855282  0.0855282  0.0855282  0.0855282  0.0855282  0.0855282  0.218038
0.05  -0.118359  -0.118359  0.105812  0.105812  0.105812  0.105812  0.105812  0.105812  0.105812  0.105812  0.105812  0.105812  0.26406
0.07  -0.118564  -0.118564  0.110477  0.110477  0.110477  0.110477  0.110477  0.110477  0.110477  0.110477  0.110477  0.110477  0.278653
0.1  -0.118417  -0.118417  0.114769  0.114769  0.114769  0.114769  0.114769  0.114769  0.114769  0.114769  0.114769  0.114769  0.299489
0.2  -0.113185  -0.113185  0.16875  0.16875  0.16875  0.16875  0.16875  0.16875  0.16875  0.16875  0.16875  0.16875  0.438222
0.3  -0.115092  -0.115092  0.159862  0.159862  0.159862  0.159862  0.159862  0.159862  0.159862  0.159862  0.159862  0.159862  0.479005
0.5  -0.131749  -0.131749  0.171735  0.171735  0.171735  0.171735  0.171735  0.171735  0.171735  0.171735  0.171735  0.171735  0.736254
0.7  -0.1451  -0.1451  0.373571  0.373571  0.373571  0.373571  0.373571  0.373571  0.373571  0.373571  0.373571  0.373571  1.68149
0.8  -0.113788  -0.113788  0.666509  0.666509  0.666509  0.666509  0.666509  0.666509  0.666509  0.666509  0.666509  0.666509  2.83196
0.9  0.333517  0.333517  1.99545  1.99545  1.99545  1.99545  1.99545  1.99545  1.99545  1.99545  1.99545  1.99545  6.08788
0.93  0.868787  0.868787  3.0105  3.0105  3.0105  3.0105  3.0105  3.0105  3.0105  3.0105  3.0105  3.0105  8.15962
0.95  1.74342  1.74342  4.36471  4.36471  4.36471  4.36471  4.36471  4.36471  4.36471  4.36471  4.36471  4.36471  10.5575
0.98  7.8769  7.8769  11.2487  11.2487  11.2487  11.2487  11.2487  11.2487  11.2487  11.2487  11.2487  11.2487  19.9725
0.99  20.7613  20.7613  21.9785  21.9785  21.9785  21.9785  21.9785  21.9785  21.9785  21.9785  21.9785  21.9785  30.9514
0.999  304.083  304.083  141.385  141.385  141.385  141.385  141.385  141.385  141.385  141.385  141.385  141.385  104.707
0.9999  643.488  643.488  68.1533  68.1533  68.1533  68.1533  68.1533  68.1533  68.1533  68.1533  68.1533  68.1533  -8.07451
