1e-05  0.0519471  0.0519471  0.152009  0.152009  0.152009  0.152009  0.152009  0.152009  0.152009  0.152009  0.152009  0.152009  0.346243
0.0001  0.0399998  0.0399998  0.163677  0.163677  0.163677  0.163677  0.163677  0.163677  0.163677  0.163677  0.163677  0.163677  0.370522
0.001  0.0261596  0.0261596  0.168434  0.168434  0.168434  0.168434  0.168434  0.168434  0.168434  0.168434  0.168434  0.168434  0.379661
0.01  0.0113765  0.0113765  0.166471  0.166471  0.166471  0.166471  0.166471  0.166471  0.166471  0.166471  0.166471  0.166471  0.374678
0.02  0.00697864  0.00697864  0.163925  0.163925  0.163925  0.163925  0.163925  0.163925  0.163925  0.163925  0.163925  0.163925  0.369659
0.05  0.00150478  0.00150478  0.157972  0.157972  0.157972  0.157972  0.157972  0.157972  0.157972  0.157972  0.157972  0.157972  0.360295
0.07  -0.000301577  -0.000301577  0.15488  0.15488  0.15488  0.15488  0.15488  0.15488  0.15488  0.15488  0.15488  0.15488  0.357335
0.1  -0.00197739  -0.00197739  0.151553  0.151553  0.151553  0.151553  0.151553  0.151553  0.151553  0.151553  0.151553  0.151553  0.358436
0.2  0.00857461  0.00857461  0.198372  0.198372  0.198372  0.198372  0.198372  0.198372  0.198372  0.198372  0.198372  0.198372  0.48661
0.3  0.00790322  0.00790322  0.191101  0.191101  0.191101  0.191101  0.191101  0.191101  0.191101  0.191101  0.191101  0.191101  0.517755
0.5  0.018139  0.018139  0.216656  0.216656  0.216656  0.216656  0.216656  0.216656  0.216656  0.216656  0.216656  0.216656  0.756531
0.7  0.121235  0.121235  0.464195  0.464195  0.464195  0.464195  0.464195  0.464195  0.464195  0.464195  0.464195  0.464195  1.77561
0.8  0.313414  0.313414  0.81423  0.81423  0.81423  0.81423  0.81423  0.81423  0.81423  0.81423  0.81423  0.81423  3.07934
0.9  1.29122  1.29122  2.39292  2.39292  2.39292  2.39292  2.39292  2.39292  2.39292  2.39292  2.39292  2.39292  7.6649
0.93  2.26001  2.26001  3.68401  3.68401  3.68401  3.68401  3.68401  3.68401  3.68401  3.68401  3.68401  3.68401  10.9387
0.95  3.7022  3.7022  5.45791  5.45791  5.45791  5.45791  5.45791  5.45791  5.45791  5.45791  5.45791  5.45791  15.0501
0.98  12.6839  12.6839  15.0777  15.0777  15.0777  15.0777  15.0777  15.0777  15.0777  15.0777  15.0777  15.0777  33.9687
0.99  30.047  30.047  31.3137  31.3137  31.3137  31.3137  31.3137  31.3137  31.3137  31.3137  31.3137  31.3137  60.6859
0.999  371.699  371.699  253.48  253.48  253.48  253.48  253.48  253.48  253.48  253.48  253.48  253.48  312.311
0.9999  735.382  735.382  277.171  277.171  277.171  277.171  277.171  277.171  277.171  277.171  277.171  277.171  79.4554
