1e-05  25.5237  25.5237  40.9059  40.9059  40.9059  40.9059  40.9059  40.9059  40.9059  40.9059  40.9059  40.9059  80.7504
0.0001  10.8939  10.8939  18.975  18.975  18.975  18.975  18.975  18.975  18.975  18.975  18.975  18.975  36.8285
0.001  4.1702  4.1702  8.16207  8.16207  8.16207  8.16207  8.16207  8.16207  8.16207  8.16207  8.16207  8.16207  15.4685
0.01  1.34965  1.34965  3.15845  3.15845  3.15845  3.15845  3.15845  3.15845  3.15845  3.15845  3.15845  3.15845  5.77489
0.1  0.324817  0.324817  1.03673  1.03673  1.03673  1.03673  1.03673  1.03673  1.03673  1.03673  1.03673  1.03673  1.80976
0.3  0.164127  0.164127  0.635782  0.635782  0.635782  0.635782  0.635782  0.635782  0.635782  0.635782  0.635782  0.635782  1.02091
0.5  0.194207  0.194207  0.655569  0.655569  0.655569  0.655569  0.655569  0.655569  0.655569  0.655569  0.655569  0.655569  0.802828
0.7  0.364074  0.364074  0.873757  0.873757  0.873757  0.873757  0.873757  0.873757  0.873757  0.873757  0.873757  0.873757  0.632614
0.9  1.26606  1.26606  1.48336  1.48336  1.48336  1.48336  1.48336  1.48336  1.48336  1.48336  1.48336  1.48336  0.337177
0.95  2.49431  2.49431  1.90073  1.90073  1.90073  1.90073  1.90073  1.90073  1.90073  1.90073  1.90073  1.90073  0.21162
0.99  15.1544  15.1544  3.3135  3.3135  3.3135  3.3135  3.3135  3.3135  3.3135  3.3135  3.3135  3.3135  0.0609745
0.999  50.7188  50.7188  1.32987  1.32987  1.32987  1.32987  1.32987  1.32987  1.32987  1.32987  1.32987  1.32987  0.0034296
1  33.7074  33.7074  0.259803  0.259803  0.259803  0.259803  0.259803  0.259803  0.259803  0.259803  0.259803  0.259803  0.000174113
