1e-05  0.00137542  0.00137542  0.00137542  0.00137542  0.00137542  0.00137542  0.00137542  0.00137542  0.00137542  0.00137542  0.00137542  0.00137542  0.00309495
0.0001  0.00137979  0.00137979  0.00137979  0.00137979  0.00137979  0.00137979  0.00137979  0.00137979  0.00137979  0.00137979  0.00137979  0.00137979  0.00310918
0.001  0.00143393  0.00143393  0.00143393  0.00143393  0.00143393  0.00143393  0.00143393  0.00143393  0.00143393  0.00143393  0.00143393  0.00143393  0.00327471
0.01  0.00198843  0.00198843  0.00198843  0.00198843  0.00198843  0.00198843  0.00198843  0.00198843  0.00198843  0.00198843  0.00198843  0.00198843  0.00494999
0.02  0.00260767  0.00260767  0.00260767  0.00260767  0.00260767  0.00260767  0.00260767  0.00260767  0.00260767  0.00260767  0.00260767  0.00260767  0.00680059
0.05  0.00447998  0.00447998  0.00447998  0.00447998  0.00447998  0.00447998  0.00447998  0.00447998  0.00447998  0.00447998  0.00447998  0.00447998  0.0122796
0.07  0.00574565  0.00574565  0.00574565  0.00574565  0.00574565  0.00574565  0.00574565  0.00574565  0.00574565  0.00574565  0.00574565  0.00574565  0.0158892
0.1  0.00768521  0.00768521  0.00768521  0.00768521  0.00768521  0.00768521  0.00768521  0.00768521  0.00768521  0.00768521  0.00768521  0.00768521  0.0212835
0.2  0.0157348  0.0157348  0.0157348  0.0157348  0.0157348  0.0157348  0.0157348  0.0157348  0.0157348  0.0157348  0.0157348  0.0157348  0.0422127
0.3  0.0251235  0.0251235  0.0251235  0.0251235  0.0251235  0.0251235  0.0251235  0.0251235  0.0251235  0.0251235  0.0251235  0.0251235  0.0656086
0.5  0.0647595  0.0647595  0.0647595  0.0647595  0.0647595  0.0647595  0.0647595  0.0647595  0.0647595  0.0647595  0.0647595  0.0647595  0.163165
0.7  0.222336  0.222336  0.222336  0.222336  0.222336  0.222336  0.222336  0.222336  0.222336  0.222336  0.222336  0.222336  0.550617
0.8  0.507302  0.507302  0.507302  0.507302  0.507302  0.507302  0.507302  0.507302  0.507302  0.507302  0.507302  0.507302  1.2315
0.9  1.68529  1.68529  1.68529  1.68529  1.68529  1.68529  1.68529  1.68529  1.68529  1.68529  1.68529  1.68529  3.97933
0.93  2.90748  2.90748  2.90748  2.90748  2.90748  2.90748  2.90748  2.90748  2.90748  2.90748  2.90748  2.90748  6.78222
0.95  4.72412  4.72412  4.72412  4.72412  4.72412  4.72412  4.72412  4.72412  4.72412  4.72412  4.72412  4.72412  10.9219
0.98  16.1151  16.1151  16.1151  16.1151  16.1151  16.1151  16.1151  16.1151  16.1151  16.1151  16.1151  16.1151  36.6902
0.99  38.4692  38.4692  38.4692  38.4692  38.4692  38.4692  38.4692  38.4692  38.4692  38.4692  38.4692  38.4692  87.0283
0.999  535.346  535.346  535.346  535.346  535.346  535.346  535.346  535.346  535.346  535.346  535.346  535.346  1195.81
0.9999  1228.46  1228.46  1228.46  1228.46  1228.46  1228.46  1228.46  1228.46  1228.46  1228.46  1228.46  1228.46  2724.2
