1e-05  1.08964  1.08964  489.253  489.253  489.253  489.253  489.253  489.253  489.253  489.253  489.253  489.253  1012.55
0.0001  1.08961  1.08961  267.28  267.28  267.28  267.28  267.28  267.28  267.28  267.28  267.28  267.28  547.599
0.001  1.08932  1.08932  137.73  137.73  137.73  137.73  137.73  137.73  137.73  137.73  137.73  137.73  278.237
0.01  1.08654  1.08654  65.4333  65.4333  65.4333  65.4333  65.4333  65.4333  65.4333  65.4333  65.4333  65.4333  129.45
0.1  1.06993  1.06993  27.0579  27.0579  27.0579  27.0579  27.0579  27.0579  27.0579  27.0579  27.0579  27.0579  51.9272
0.3  1.14771  1.14771  16.6959  16.6959  16.6959  16.6959  16.6959  16.6959  16.6959  16.6959  16.6959  16.6959  34.1062
0.5  1.58233  1.58233  15.9216  15.9216  15.9216  15.9216  15.9216  15.9216  15.9216  15.9216  15.9216  15.9216  32.3996
0.7  3.25275  3.25275  19.8589  19.8589  19.8589  19.8589  19.8589  19.8589  19.8589  19.8589  19.8589  19.8589  34.7903
0.9  15.2758  15.2758  39.5712  39.5712  39.5712  39.5712  39.5712  39.5712  39.5712  39.5712  39.5712  39.5712  35.428
0.95  36.7013  36.7013  57.6328  57.6328  57.6328  57.6328  57.6328  57.6328  57.6328  57.6328  57.6328  57.6328  32.3574
0.99  242.504  242.504  123.917  123.917  123.917  123.917  123.917  123.917  123.917  123.917  123.917  123.917  22.7598
0.999  3113.39  3113.39  248.691  248.691  248.691  248.691  248.691  248.691  248.691  248.691  248.691  248.691  10.0775
