1e-05  0.0691841  0.0691841  0.118804  0.118804  0.118804  0.118804  0.118804  0.118804  0.118804  0.118804  0.118804  0.118804  0.266811
0.0001  0.0617769  0.0617769  0.116674  0.116674  0.116674  0.116674  0.116674  0.116674  0.116674  0.116674  0.116674  0.116674  0.261784
0.001  0.0540174  0.0540174  0.113666  0.113666  0.113666  0.113666  0.113666  0.113666  0.113666  0.113666  0.113666  0.113666  0.254876
0.01  0.0460074  0.0460074  0.10936  0.10936  0.10936  0.10936  0.10936  0.10936  0.10936  0.10936  0.10936  0.10936  0.245746
0.02  0.0435688  0.0435688  0.107461  0.107461  0.107461  0.107461  0.107461  0.107461  0.107461  0.107461  0.107461  0.107461  0.242318
0.05  0.0404118  0.0404118  0.104014  0.104014  0.104014  0.104014  0.104014  0.104014  0.104014  0.104014  0.104014  0.104014  0.237712
0.07  0.0393512  0.0393512  0.102449  0.102449  0.102449  0.102449  0.102449  0.102449  0.102449  0.102449  0.102449  0.102449  0.236829
0.1  0.0384445  0.0384445  0.100894  0.100894  0.100894  0.100894  0.100894  0.100894  0.100894  0.100894  0.100894  0.100894  0.238487
0.2  0.0586731  0.0586731  0.141385  0.141385  0.141385  0.141385  0.141385  0.141385  0.141385  0.141385  0.141385  0.141385  0.347935
0.3  0.0604069  0.0604069  0.140748  0.140748  0.140748  0.140748  0.140748  0.140748  0.140748  0.140748  0.140748  0.140748  0.377318
0.5  0.0857219  0.0857219  0.173738  0.173738  0.173738  0.173738  0.173738  0.173738  0.173738  0.173738  0.173738  0.173738  0.570949
0.7  0.249246  0.249246  0.409991  0.409991  0.409991  0.409991  0.409991  0.409991  0.409991  0.409991  0.409991  0.409991  1.45374
0.8  0.518755  0.518755  0.75234  0.75234  0.75234  0.75234  0.75234  0.75234  0.75234  0.75234  0.75234  0.75234  2.62471
0.9  1.75428  1.75428  2.28612  2.28612  2.28612  2.28612  2.28612  2.28612  2.28612  2.28612  2.28612  2.28612  7.21016
0.93  2.92813  2.92813  3.62114  3.62114  3.62114  3.62114  3.62114  3.62114  3.62114  3.62114  3.62114  3.62114  10.7642
0.95  4.63737  4.63737  5.50066  5.50066  5.50066  5.50066  5.50066  5.50066  5.50066  5.50066  5.50066  5.50066  15.4548
0.98  14.9461  14.9461  16.1916  16.1916  16.1916  16.1916  16.1916  16.1916  16.1916  16.1916  16.1916  16.1916  39.2149
0.99  34.3728  34.3728  35.2146  35.2146  35.2146  35.2146  35.2146  35.2146  35.2146  35.2146  35.2146  35.2146  76.6892
0.999  401.684  401.684  340.424  340.424  340.424  340.424  340.424  340.424  340.424  340.424  340.424  340.424  521.2
0.9999  772.664  772.664  522.988  522.988  522.988  522.988  522.988  522.988  522.988  522.988  522.988  522.988  404.478
