1e-05  -0.462612  -0.462612  -1.995  -1.995  -1.995  -1.995  -1.995  -1.995  -1.995  -1.995  -1.995  -1.995  -4.1924
0.0001  -0.324854  -0.324854  -1.14824  -1.14824  -1.14824  -1.14824  -1.14824  -1.14824  -1.14824  -1.14824  -1.14824  -1.14824  -2.37848
0.001  -0.250891  -0.250891  -0.585273  -0.585273  -0.585273  -0.585273  -0.585273  -0.585273  -0.585273  -0.585273  -0.585273  -0.585273  -1.17981
0.01  -0.217231  -0.217231  -0.230266  -0.230266  -0.230266  -0.230266  -0.230266  -0.230266  -0.230266  -0.230266  -0.230266  -0.230266  -0.430781
0.02  -0.211609  -0.211609  -0.155759  -0.155759  -0.155759  -0.155759  -0.155759  -0.155759  -0.155759  -0.155759  -0.155759  -0.155759  -0.274666
0.05  -0.204956  -0.204956  -0.0777638  -0.0777638  -0.0777638  -0.0777638  -0.0777638  -0.0777638  -0.0777638  -0.0777638  -0.0777638  -0.0777638  -0.108968
0.07  -0.202271  -0.202271  -0.0546226  -0.0546226  -0.0546226  -0.0546226  -0.0546226  -0.0546226  -0.0546226  -0.0546226  -0.0546226  -0.0546226  -0.0564336
0.1  -0.199119  -0.199119  -0.0320899  -0.0320899  -0.0320899  -0.0320899  -0.0320899  -0.0320899  -0.0320899  -0.0320899  -0.0320899  -0.0320899  0.00146554
0.2  -0.190837  -0.190837  0.042832  0.042832  0.042832  0.042832  0.042832  0.042832  0.042832  0.042832  0.042832  0.042832  0.173659
0.3  -0.192082  -0.192082  0.0456823  0.0456823  0.0456823  0.0456823  0.0456823  0.0456823  0.0456823  0.0456823  0.0456823  0.0456823  0.233375
0.5  -0.223826  -0.223826  0.054747  0.054747  0.054747  0.054747  0.054747  0.054747  0.054747  0.054747  0.054747  0.054747  0.470181
0.7  -0.306695  -0.306695  0.199509  0.199509  0.199509  0.199509  0.199509  0.199509  0.199509  0.199509  0.199509  0.199509  1.23955
0.8  -0.37428  -0.37428  0.421727  0.421727  0.421727  0.421727  0.421727  0.421727  0.421727  0.421727  0.421727  0.421727  2.15372
0.9  -0.251404  -0.251404  1.47422  1.47422  1.47422  1.47422  1.47422  1.47422  1.47422  1.47422  1.47422  1.47422  4.46752
0.93  0.0140619  0.0140619  2.26419  2.26419  2.26419  2.26419  2.26419  2.26419  2.26419  2.26419  2.26419  2.26419  5.85957
0.95  0.534009  0.534009  3.3134  3.3134  3.3134  3.3134  3.3134  3.3134  3.3134  3.3134  3.3134  3.3134  7.4038
0.98  4.87329  4.87329  8.54662  8.54662  8.54662  8.54662  8.54662  8.54662  8.54662  8.54662  8.54662  8.54662  12.9806
0.99  14.9095  14.9095  16.4564  16.4564  16.4564  16.4564  16.4564  16.4564  16.4564  16.4564  16.4564  16.4564  18.827
0.999  259.63  259.63  98.2257  98.2257  98.2257  98.2257  98.2257  98.2257  98.2257  98.2257  98.2257  98.2257  51.2034
0.9999  578.748  578.748  25.9107  25.9107  25.9107  25.9107  25.9107  25.9107  25.9107  25.9107  25.9107  25.9107  -5.54575
