1e-05  0.059538  0.059538  0.059538  0.059538  0.059538  0.059538  0.059538  0.059538  0.059538  0.059538  0.059538  0.059538  0.133755
0.0001  0.0583476  0.0583476  0.0583476  0.0583476  0.0583476  0.0583476  0.0583476  0.0583476  0.0583476  0.0583476  0.0583476  0.0583476  0.131065
0.001  0.0570676  0.0570676  0.0570676  0.0570676  0.0570676  0.0570676  0.0570676  0.0570676  0.0570676  0.0570676  0.0570676  0.0570676  0.128238
0.01  0.0556461  0.0556461  0.0556461  0.0556461  0.0556461  0.0556461  0.0556461  0.0556461  0.0556461  0.0556461  0.0556461  0.0556461  0.125696
0.02  0.0551825  0.0551825  0.0551825  0.0551825  0.0551825  0.0551825  0.0551825  0.0551825  0.0551825  0.0551825  0.0551825  0.0551825  0.1254
0.05  0.0546464  0.0546464  0.0546464  0.0546464  0.0546464  0.0546464  0.0546464  0.0546464  0.0546464  0.0546464  0.0546464  0.0546464  0.126545
0.07  0.0545794  0.0545794  0.0545794  0.0545794  0.0545794  0.0545794  0.0545794  0.0545794  0.0545794  0.0545794  0.0545794  0.0545794  0.128098
0.1  0.0548018  0.0548018  0.0548018  0.0548018  0.0548018  0.0548018  0.0548018  0.0548018  0.0548018  0.0548018  0.0548018  0.0548018  0.131525
0.2  0.0838674  0.0838674  0.0838674  0.0838674  0.0838674  0.0838674  0.0838674  0.0838674  0.0838674  0.0838674  0.0838674  0.0838674  0.209525
0.3  0.0883748  0.0883748  0.0883748  0.0883748  0.0883748  0.0883748  0.0883748  0.0883748  0.0883748  0.0883748  0.0883748  0.0883748  0.236892
0.5  0.125449  0.125449  0.125449  0.125449  0.125449  0.125449  0.125449  0.125449  0.125449  0.125449  0.125449  0.125449  0.387048
0.7  0.335242  0.335242  0.335242  0.335242  0.335242  0.335242  0.335242  0.335242  0.335242  0.335242  0.335242  0.335242  1.08484
0.8  0.65685  0.65685  0.65685  0.65685  0.65685  0.65685  0.65685  0.65685  0.65685  0.65685  0.65685  0.65685  2.06373
0.9  2.06753  2.06753  2.06753  2.06753  2.06753  2.06753  2.06753  2.06753  2.06753  2.06753  2.06753  2.06753  6.10652
0.93  3.37815  3.37815  3.37815  3.37815  3.37815  3.37815  3.37815  3.37815  3.37815  3.37815  3.37815  3.37815  9.52464
0.95  5.26485  5.26485  5.26485  5.26485  5.26485  5.26485  5.26485  5.26485  5.26485  5.26485  5.26485  5.26485  14.2346
0.98  16.4494  16.4494  16.4494  16.4494  16.4494  16.4494  16.4494  16.4494  16.4494  16.4494  16.4494  16.4494  40.1337
0.99  37.2274  37.2274  37.2274  37.2274  37.2274  37.2274  37.2274  37.2274  37.2274  37.2274  37.2274  37.2274  84.8216
0.999  420.83  420.83  420.83  420.83  420.83  420.83  420.83  420.83  420.83  420.83  420.83  420.83  754.879
0.9999  794.975  794.975  794.975  794.975  794.975  794.975  794.975  794.975  794.975  794.975  794.975  794.975  1050.86
