1e-05  194.73  194.73  927  927  927  927  927  927  927  927  927  927  1874.68
0.0001  86.7512  86.7512  463.984  463.984  463.984  463.984  463.984  463.984  463.984  463.984  463.984  463.984  925.939
0.001  35.056  35.056  216.76  216.76  216.76  216.76  216.76  216.76  216.76  216.76  216.76  216.76  424.529
0.01  12.4482  12.4482  91.9229  91.9229  91.9229  91.9229  91.9229  91.9229  91.9229  91.9229  91.9229  91.9229  174.929
0.1  3.94193  3.94193  33.073  33.073  33.073  33.073  33.073  33.073  33.073  33.073  33.073  33.073  60.3807
0.3  2.49054  2.49054  19.127  19.127  19.127  19.127  19.127  19.127  19.127  19.127  19.127  19.127  36.1442
0.5  3.0063  3.0063  17.4743  17.4743  17.4743  17.4743  17.4743  17.4743  17.4743  17.4743  17.4743  17.4743  31.0998
0.7  5.21892  5.21892  20.8485  20.8485  20.8485  20.8485  20.8485  20.8485  20.8485  20.8485  20.8485  20.8485  28.5294
0.9  21.4265  21.4265  36.1637  36.1637  36.1637  36.1637  36.1637  36.1637  36.1637  36.1637  36.1637  36.1637  20.6096
0.95  47.4552  47.4552  47.9698  47.9698  47.9698  47.9698  47.9698  47.9698  47.9698  47.9698  47.9698  47.9698  15.2688
0.99  263.411  263.411  82.1293  82.1293  82.1293  82.1293  82.1293  82.1293  82.1293  82.1293  82.1293  82.1293  6.62544
0.999  2499.78  2499.78  119.347  119.347  119.347  119.347  119.347  119.347  119.347  119.347  119.347  119.347  1.40731
