1e-05  0  0  2.9858e-15  2.9858e-15  2.9858e-15  2.9858e-15  2.9858e-15  2.9858e-15  2.9858e-15  2.9858e-15  2.9858e-15  2.9858e-15  1.11963e-14
0.0001  0  0  2.98601e-14  2.98601e-14  2.98601e-14  2.98601e-14  2.98601e-14  2.98601e-14  2.98601e-14  2.98601e-14  2.98601e-14  2.98601e-14  1.11942e-13
0.001  0  0  2.98869e-13  2.98869e-13  2.98869e-13  2.98869e-13  2.98869e-13  2.98869e-13  2.98869e-13  2.98869e-13  2.98869e-13  2.98869e-13  1.1174e-12
0.01  0  0  3.01616e-12  3.01616e-12  3.01616e-12  3.01616e-12  3.01616e-12  3.01616e-12  3.01616e-12  3.01616e-12  3.01616e-12  3.01616e-12  1.09747e-11
0.1  0  0  3.35064e-11  3.35064e-11  3.35064e-11  3.35064e-11  3.35064e-11  3.35064e-11  3.35064e-11  3.35064e-11  3.35064e-11  3.35064e-11  9.18094e-11
0.3  0  0  9.30055e-11  9.30055e-11  9.30055e-11  9.30055e-11  9.30055e-11  9.30055e-11  9.30055e-11  9.30055e-11  9.30055e-11  9.30055e-11  1.29615e-10
0.5  0  0  2.49323e-10  2.49323e-10  2.49323e-10  2.49323e-10  2.49323e-10  2.49323e-10  2.49323e-10  2.49323e-10  2.49323e-10  2.49323e-10  1.86403e-10
0.7  0  0  5.81047e-10  5.81047e-10  5.81047e-10  5.81047e-10  5.81047e-10  5.81047e-10  5.81047e-10  5.81047e-10  5.81047e-10  5.81047e-10  2.52904e-10
0.9  0  0  2.60235e-09  2.60235e-09  2.60235e-09  2.60235e-09  2.60235e-09  2.60235e-09  2.60235e-09  2.60235e-09  2.60235e-09  2.60235e-09  4.30209e-10
0.95  0  0  5.98672e-09  5.98672e-09  5.98672e-09  5.98672e-09  5.98672e-09  5.98672e-09  5.98672e-09  5.98672e-09  5.98672e-09  5.98672e-09  5.01397e-10
0.99  0.552078  0.552078  0.552078  0.552078  0.552078  0.552078  0.552078  0.552078  0.552078  0.552078  0.552078  0.552078  5.66122e-10
0.999  179.82  179.82  179.82  179.82  179.82  179.82  179.82  179.82  179.82  179.82  179.82  179.82  1.25903e-10
1  200  200  200  200  200  200  200  200  200  200  200  200  1.30184e-11
