1e-05  2.00733  2.00733  2.00733  2.00733  2.00733  2.00733  2.00733  2.00733  2.00733  2.00733  2.00733  2.00733  4.51416
0.0001  1.9955  1.9955  1.9955  1.9955  1.9955  1.9955  1.9955  1.9955  1.9955  1.9955  1.9955  1.9955  4.4877
0.001  1.9831  1.9831  1.9831  1.9831  1.9831  1.9831  1.9831  1.9831  1.9831  1.9831  1.9831  1.9831  4.46128
0.01  1.96475  1.96475  1.96475  1.96475  1.96475  1.96475  1.96475  1.96475  1.96475  1.96475  1.96475  1.96475  4.43444
0.1  1.90651  1.90651  1.90651  1.90651  1.90651  1.90651  1.90651  1.90651  1.90651  1.90651  1.90651  1.90651  4.4041
0.3  1.93333  1.93333  1.93333  1.93333  1.93333  1.93333  1.93333  1.93333  1.93333  1.93333  1.93333  1.93333  4.49225
0.5  2.57648  2.57648  2.57648  2.57648  2.57648  2.57648  2.57648  2.57648  2.57648  2.57648  2.57648  2.57648  5.95201
0.7  5.0132  5.0132  5.0132  5.0132  5.0132  5.0132  5.0132  5.0132  5.0132  5.0132  5.0132  5.0132  11.7557
0.9  21.8299  21.8299  21.8299  21.8299  21.8299  21.8299  21.8299  21.8299  21.8299  21.8299  21.8299  21.8299  50.8707
0.95  50.6669  50.6669  50.6669  50.6669  50.6669  50.6669  50.6669  50.6669  50.6669  50.6669  50.6669  50.6669  116.515
0.99  315.644  315.644  315.644  315.644  315.644  315.644  315.644  315.644  315.644  315.644  315.644  315.644  711.783
0.999  3887.48  3887.48  3887.48  3887.48  3887.48  3887.48  3887.48  3887.48  3887.48  3887.48  3887.48  3887.48  8197.67
