1e-05  6.37162e-07  6.37162e-07  6.37162e-07  6.37162e-07  6.37162e-07  6.37162e-07  6.37162e-07  6.37162e-07  6.37162e-07  6.37162e-07  6.37162e-07  6.37162e-07  1.91107e-06
0.0001  6.36674e-06  6.36674e-06  6.36674e-06  6.36674e-06  6.36674e-06  6.36674e-06  6.36674e-06  6.36674e-06  6.36674e-06  6.36674e-06  6.36674e-06  6.36674e-06  1.90989e-05
0.001  6.36626e-05  6.36626e-05  6.36626e-05  6.36626e-05  6.36626e-05  6.36626e-05  6.36626e-05  6.36626e-05  6.36626e-05  6.36626e-05  6.36626e-05  6.36626e-05  0.000190892
0.01  0.000636714  0.000636714  0.000636714  0.000636714  0.000636714  0.000636714  0.000636714  0.000636714  0.000636714  0.000636714  0.000636714  0.000636714  0.00190059
0.02  0.001274  0.001274  0.001274  0.001274  0.001274  0.001274  0.001274  0.001274  0.001274  0.001274  0.001274  0.001274  0.00378375
0.05  0.00319549  0.00319549  0.00319549  0.00319549  0.00319549  0.00319549  0.00319549  0.00319549  0.00319549  0.00319549  0.00319549  0.00319549  0.00934694
0.07  0.0044914  0.0044914  0.0044914  0.0044914  0.0044914  0.0044914  0.0044914  0.0044914  0.0044914  0.0044914  0.0044914  0.0044914  0.0130039
0.1  0.00647342  0.00647342  0.00647342  0.00647342  0.00647342  0.00647342  0.00647342  0.00647342  0.00647342  0.00647342  0.00647342  0.00647342  0.0184575
0.2  0.0137498  0.0137498  0.0137498  0.0137498  0.0137498  0.0137498  0.0137498  0.0137498  0.0137498  0.0137498  0.0137498  0.0137498  0.0373254
0.3  0.0232606  0.0232606  0.0232606  0.0232606  0.0232606  0.0232606  0.0232606  0.0232606  0.0232606  0.0232606  0.0232606  0.0232606  0.0605844
0.5  0.0629349  0.0629349  0.0629349  0.0629349  0.0629349  0.0629349  0.0629349  0.0629349  0.0629349  0.0629349  0.0629349  0.0629349  0.156614
0.7  0.218494  0.218494  0.218494  0.218494  0.218494  0.218494  0.218494  0.218494  0.218494  0.218494  0.218494  0.218494  0.532757
0.8  0.502154  0.502154  0.502154  0.502154  0.502154  0.502154  0.502154  0.502154  0.502154  0.502154  0.502154  0.502154  1.20341
0.9  1.67154  1.67154  1.67154  1.67154  1.67154  1.67154  1.67154  1.67154  1.67154  1.67154  1.67154  1.67154  3.89923
0.93  2.89002  2.89002  2.89002  2.89002  2.89002  2.89002  2.89002  2.89002  2.89002  2.89002  2.89002  2.89002  6.67426
0.95  4.7032  4.7032  4.7032  4.7032  4.7032  4.7032  4.7032  4.7032  4.7032  4.7032  4.7032  4.7032  10.7843
0.98  16.0942  16.0942  16.0942  16.0942  16.0942  16.0942  16.0942  16.0942  16.0942  16.0942  16.0942  16.0942  36.4902
0.99  38.4884  38.4884  38.4884  38.4884  38.4884  38.4884  38.4884  38.4884  38.4884  38.4884  38.4884  38.4884  86.9291
0.999  539.307  539.307  539.307  539.307  539.307  539.307  539.307  539.307  539.307  539.307  539.307  539.307  1213.92
0.9999  1244.11  1244.11  1244.11  1244.11  1244.11  1244.11  1244.11  1244.11  1244.11  1244.11  1244.11  1244.11  2799.54
