1e-05  0.000545539  0.000545539  0.000545539  0.000545539  0.000545539  0.000545539  0.000545539  0.000545539  0.000545539  0.000545539  0.000545539  0.000545539  0.00122723
0.0001  0.000544317  0.000544317  0.000544317  0.000544317  0.000544317  0.000544317  0.000544317  0.000544317  0.000544317  0.000544317  0.000544317  0.000544317  0.00122454
0.001  0.000542851  0.000542851  0.000542851  0.000542851  0.000542851  0.000542851  0.000542851  0.000542851  0.000542851  0.000542851  0.000542851  0.000542851  0.00122181
0.01  0.000851235  0.000851235  0.000851235  0.000851235  0.000851235  0.000851235  0.000851235  0.000851235  0.000851235  0.000851235  0.000851235  0.000851235  0.00192433
0.02  0.000846656  0.000846656  0.000846656  0.000846656  0.000846656  0.000846656  0.000846656  0.000846656  0.000846656  0.000846656  0.000846656  0.000846656  0.00192308
0.03  0.000842497  0.000842497  0.000842497  0.000842497  0.000842497  0.000842497  0.000842497  0.000842497  0.000842497  0.000842497  0.000842497  0.000842497  0.00192242
0.04  0.000838622  0.000838622  0.000838622  0.000838622  0.000838622  0.000838622  0.000838622  0.000838622  0.000838622  0.000838622  0.000838622  0.000838622  0.00192204
0.05  0.000834995  0.000834995  0.000834995  0.000834995  0.000834995  0.000834995  0.000834995  0.000834995  0.000834995  0.000834995  0.000834995  0.000834995  0.00192188
0.06  0.000831603  0.000831603  0.000831603  0.000831603  0.000831603  0.000831603  0.000831603  0.000831603  0.000831603  0.000831603  0.000831603  0.000831603  0.00192192
0.07  0.00082844  0.00082844  0.00082844  0.00082844  0.00082844  0.00082844  0.00082844  0.00082844  0.00082844  0.00082844  0.00082844  0.00082844  0.00192216
0.08  0.000825509  0.000825509  0.000825509  0.000825509  0.000825509  0.000825509  0.000825509  0.000825509  0.000825509  0.000825509  0.000825509  0.000825509  0.00192262
0.09  0.000822811  0.000822811  0.000822811  0.000822811  0.000822811  0.000822811  0.000822811  0.000822811  0.000822811  0.000822811  0.000822811  0.000822811  0.00192331
0.1  0.000820351  0.000820351  0.000820351  0.000820351  0.000820351  0.000820351  0.000820351  0.000820351  0.000820351  0.000820351  0.000820351  0.000820351  0.00192425
0.11  0.000818136  0.000818136  0.000818136  0.000818136  0.000818136  0.000818136  0.000818136  0.000818136  0.000818136  0.000818136  0.000818136  0.000818136  0.00192548
0.12  0.000816172  0.000816172  0.000816172  0.000816172  0.000816172  0.000816172  0.000816172  0.000816172  0.000816172  0.000816172  0.000816172  0.000816172  0.00192701
0.13  0.000814466  0.000814466  0.000814466  0.000814466  0.000814466  0.000814466  0.000814466  0.000814466  0.000814466  0.000814466  0.000814466  0.000814466  0.00192888
0.14  0.000813027  0.000813027  0.000813027  0.000813027  0.000813027  0.000813027  0.000813027  0.000813027  0.000813027  0.000813027  0.000813027  0.000813027  0.00193111
0.15  0.000811862  0.000811862  0.000811862  0.000811862  0.000811862  0.000811862  0.000811862  0.000811862  0.000811862  0.000811862  0.000811862  0.000811862  0.00193373
0.16  0.000810981  0.000810981  0.000810981  0.000810981  0.000810981  0.000810981  0.000810981  0.000810981  0.000810981  0.000810981  0.000810981  0.000810981  0.00193678
0.17  0.000810393  0.000810393  0.000810393  0.000810393  0.000810393  0.000810393  0.000810393  0.000810393  0.000810393  0.000810393  0.000810393  0.000810393  0.0019403
0.18  0.00081011  0.00081011  0.00081011  0.00081011  0.00081011  0.00081011  0.00081011  0.00081011  0.00081011  0.00081011  0.00081011  0.00081011  0.0019443
0.19  0.000810141  0.000810141  0.000810141  0.000810141  0.000810141  0.000810141  0.000810141  0.000810141  0.000810141  0.000810141  0.000810141  0.000810141  0.00194884
0.2  0.000810499  0.000810499  0.000810499  0.000810499  0.000810499  0.000810499  0.000810499  0.000810499  0.000810499  0.000810499  0.000810499  0.000810499  0.00195395
0.21  0.000811195  0.000811195  0.000811195  0.000811195  0.000811195  0.000811195  0.000811195  0.000811195  0.000811195  0.000811195  0.000811195  0.000811195  0.00195967
0.22  0.000812242  0.000812242  0.000812242  0.000812242  0.000812242  0.000812242  0.000812242  0.000812242  0.000812242  0.000812242  0.000812242  0.000812242  0.00196603
0.23  0.000813653  0.000813653  0.000813653  0.000813653  0.000813653  0.000813653  0.000813653  0.000813653  0.000813653  0.000813653  0.000813653  0.000813653  0.00197309
0.24  0.000815444  0.000815444  0.000815444  0.000815444  0.000815444  0.000815444  0.000815444  0.000815444  0.000815444  0.000815444  0.000815444  0.000815444  0.00198088
0.25  0.000817628  0.000817628  0.000817628  0.000817628  0.000817628  0.000817628  0.000817628  0.000817628  0.000817628  0.000817628  0.000817628  0.000817628  0.00198945
0.26  0.000820223  0.000820223  0.000820223  0.000820223  0.000820223  0.000820223  0.000820223  0.000820223  0.000820223  0.000820223  0.000820223  0.000820223  0.00199884
0.27  0.000823243  0.000823243  0.000823243  0.000823243  0.000823243  0.000823243  0.000823243  0.000823243  0.000823243  0.000823243  0.000823243  0.000823243  0.00200911
0.28  0.000826708  0.000826708  0.000826708  0.000826708  0.000826708  0.000826708  0.000826708  0.000826708  0.000826708  0.000826708  0.000826708  0.000826708  0.0020203
0.29  0.000830636  0.000830636  0.000830636  0.000830636  0.000830636  0.000830636  0.000830636  0.000830636  0.000830636  0.000830636  0.000830636  0.000830636  0.00203248
0.3  0.000835046  0.000835046  0.000835046  0.000835046  0.000835046  0.000835046  0.000835046  0.000835046  0.000835046  0.000835046  0.000835046  0.000835046  0.0020457
0.31  0.00083996  0.00083996  0.00083996  0.00083996  0.00083996  0.00083996  0.00083996  0.00083996  0.00083996  0.00083996  0.00083996  0.00083996  0.00206001
0.32  0.0008454  0.0008454  0.0008454  0.0008454  0.0008454  0.0008454  0.0008454  0.0008454  0.0008454  0.0008454  0.0008454  0.0008454  0.00207547
0.33  0.000851389  0.000851389  0.000851389  0.000851389  0.000851389  0.000851389  0.000851389  0.000851389  0.000851389  0.000851389  0.000851389  0.000851389  0.00209216
0.34  0.000857953  0.000857953  0.000857953  0.000857953  0.000857953  0.000857953  0.000857953  0.000857953  0.000857953  0.000857953  0.000857953  0.000857953  0.00211014
0.35  0.000865118  0.000865118  0.000865118  0.000865118  0.000865118  0.000865118  0.000865118  0.000865118  0.000865118  0.000865118  0.000865118  0.000865118  0.00212948
0.36  0.000872911  0.000872911  0.000872911  0.000872911  0.000872911  0.000872911  0.000872911  0.000872911  0.000872911  0.000872911  0.000872911  0.000872911  0.00215025
0.37  0.000881364  0.000881364  0.000881364  0.000881364  0.000881364  0.000881364  0.000881364  0.000881364  0.000881364  0.000881364  0.000881364  0.000881364  0.00217254
0.38  0.000890509  0.000890509  0.000890509  0.000890509  0.000890509  0.000890509  0.000890509  0.000890509  0.000890509  0.000890509  0.000890509  0.000890509  0.00219643
0.39  0.000900378  0.000900378  0.000900378  0.000900378  0.000900378  0.000900378  0.000900378  0.000900378  0.000900378  0.000900378  0.000900378  0.000900378  0.002222
0.4  0.000911009  0.000911009  0.000911009  0.000911009  0.000911009  0.000911009  0.000911009  0.000911009  0.000911009  0.000911009  0.000911009  0.000911009  0.00224935
0.42  0.000934715  0.000934715  0.000934715  0.000934715  0.000934715  0.000934715  0.000934715  0.000934715  0.000934715  0.000934715  0.000934715  0.000934715  0.0023098
0.44  0.000961969  0.000961969  0.000961969  0.000961969  0.000961969  0.000961969  0.000961969  0.000961969  0.000961969  0.000961969  0.000961969  0.000961969  0.00237864
0.46  0.00099317  0.00099317  0.00099317  0.00099317  0.00099317  0.00099317  0.00099317  0.00099317  0.00099317  0.00099317  0.00099317  0.00099317  0.00245684
0.48  0.00102877  0.00102877  0.00102877  0.00102877  0.00102877  0.00102877  0.00102877  0.00102877  0.00102877  0.00102877  0.00102877  0.00102877  0.00254555
0.5  0.00106931  0.00106931  0.00106931  0.00106931  0.00106931  0.00106931  0.00106931  0.00106931  0.00106931  0.00106931  0.00106931  0.00106931  0.00264603
0.55  0.0011966  0.0011966  0.0011966  0.0011966  0.0011966  0.0011966  0.0011966  0.0011966  0.0011966  0.0011966  0.0011966  0.0011966  0.00295913
0.6  0.00137213  0.00137213  0.00137213  0.00137213  0.00137213  0.00137213  0.00137213  0.00137213  0.00137213  0.00137213  0.00137213  0.00137213  0.00338698
0.7  0.00196549  0.00196549  0.00196549  0.00196549  0.00196549  0.00196549  0.00196549  0.00196549  0.00196549  0.00196549  0.00196549  0.00196549  0.00481171
0.8  0.00329239  0.00329239  0.00329239  0.00329239  0.00329239  0.00329239  0.00329239  0.00329239  0.00329239  0.00329239  0.00329239  0.00329239  0.00792618
0.85  0.00469985  0.00469985  0.00469985  0.00469985  0.00469985  0.00469985  0.00469985  0.00469985  0.00469985  0.00469985  0.00469985  0.00469985  0.0111728
0.9  0.00763044  0.00763044  0.00763044  0.00763044  0.00763044  0.00763044  0.00763044  0.00763044  0.00763044  0.00763044  0.00763044  0.00763044  0.0178511
0.91  0.00863171  0.00863171  0.00863171  0.00863171  0.00863171  0.00863171  0.00863171  0.00863171  0.00863171  0.00863171  0.00863171  0.00863171  0.0201197
0.92  0.00989807  0.00989807  0.00989807  0.00989807  0.00989807  0.00989807  0.00989807  0.00989807  0.00989807  0.00989807  0.00989807  0.00989807  0.0229833
0.93  0.0115492  0.0115492  0.0115492  0.0115492  0.0115492  0.0115492  0.0115492  0.0115492  0.0115492  0.0115492  0.0115492  0.0115492  0.0267102
0.94  0.0137901  0.0137901  0.0137901  0.0137901  0.0137901  0.0137901  0.0137901  0.0137901  0.0137901  0.0137901  0.0137901  0.0137901  0.0317594
0.95  0.0170027  0.0170027  0.0170027  0.0170027  0.0170027  0.0170027  0.0170027  0.0170027  0.0170027  0.0170027  0.0170027  0.0170027  0.038987
0.96  0.0219923  0.0219923  0.0219923  0.0219923  0.0219923  0.0219923  0.0219923  0.0219923  0.0219923  0.0219923  0.0219923  0.0219923  0.0501964
0.97  0.0308054  0.0308054  0.0308054  0.0308054  0.0308054  0.0308054  0.0308054  0.0308054  0.0308054  0.0308054  0.0308054  0.0308054  0.0699698
0.98  0.0507263  0.0507263  0.0507263  0.0507263  0.0507263  0.0507263  0.0507263  0.0507263  0.0507263  0.0507263  0.0507263  0.0507263  0.114611
0.99  0.715205  0.715205  0.715205  0.715205  0.715205  0.715205  0.715205  0.715205  0.715205  0.715205  0.715205  0.715205  0.91789
0.999  178.908  178.908  178.908  178.908  178.908  178.908  178.908  178.908  178.908  178.908  178.908  178.908  177.719
0.9999  197.362  197.362  197.362  197.362  197.362  197.362  197.362  197.362  197.362  197.362  197.362  197.362  196.564
