1e-05  0.10947  0.10947  0.239243  0.239243  0.239243  0.239243  0.239243  0.239243  0.239243  0.239243  0.239243  0.239243  0.528163
0.0001  0.0874897  0.0874897  0.201248  0.201248  0.201248  0.201248  0.201248  0.201248  0.201248  0.201248  0.201248  0.201248  0.443911
0.001  0.068761  0.068761  0.167956  0.167956  0.167956  0.167956  0.167956  0.167956  0.167956  0.167956  0.167956  0.167956  0.370189
0.01  0.0450017  0.0450017  0.131604  0.131604  0.131604  0.131604  0.131604  0.131604  0.131604  0.131604  0.131604  0.131604  0.289841
0.02  0.0407995  0.0407995  0.123057  0.123057  0.123057  0.123057  0.123057  0.123057  0.123057  0.123057  0.123057  0.123057  0.271668
0.03  0.0384177  0.0384177  0.118089  0.118089  0.118089  0.118089  0.118089  0.118089  0.118089  0.118089  0.118089  0.118089  0.261393
0.04  0.0367562  0.0367562  0.114557  0.114557  0.114557  0.114557  0.114557  0.114557  0.114557  0.114557  0.114557  0.114557  0.254271
0.05  0.0354826  0.0354826  0.111808  0.111808  0.111808  0.111808  0.111808  0.111808  0.111808  0.111808  0.111808  0.111808  0.248855
0.06  0.0344523  0.0344523  0.109555  0.109555  0.109555  0.109555  0.109555  0.109555  0.109555  0.109555  0.109555  0.109555  0.244515
0.07  0.0335895  0.0335895  0.107651  0.107651  0.107651  0.107651  0.107651  0.107651  0.107651  0.107651  0.107651  0.107651  0.240922
0.08  0.03285  0.03285  0.106006  0.106006  0.106006  0.106006  0.106006  0.106006  0.106006  0.106006  0.106006  0.106006  0.23788
0.09  0.0322055  0.0322055  0.104565  0.104565  0.104565  0.104565  0.104565  0.104565  0.104565  0.104565  0.104565  0.104565  0.235268
0.1  0.031637  0.031637  0.103289  0.103289  0.103289  0.103289  0.103289  0.103289  0.103289  0.103289  0.103289  0.103289  0.233002
0.11  0.0311313  0.0311313  0.102154  0.102154  0.102154  0.102154  0.102154  0.102154  0.102154  0.102154  0.102154  0.102154  0.231025
0.12  0.0306785  0.0306785  0.101139  0.101139  0.101139  0.101139  0.101139  0.101139  0.101139  0.101139  0.101139  0.101139  0.229296
0.13  0.0302715  0.0302715  0.100231  0.100231  0.100231  0.100231  0.100231  0.100231  0.100231  0.100231  0.100231  0.100231  0.227784
0.14  0.0299048  0.0299048  0.099418  0.099418  0.099418  0.099418  0.099418  0.099418  0.099418  0.099418  0.099418  0.099418  0.226465
0.15  0.029574  0.029574  0.0986925  0.0986925  0.0986925  0.0986925  0.0986925  0.0986925  0.0986925  0.0986925  0.0986925  0.0986925  0.225323
0.16  0.0292759  0.0292759  0.098048  0.098048  0.098048  0.098048  0.098048  0.098048  0.098048  0.098048  0.098048  0.098048  0.224344
0.17  0.0290077  0.0290077  0.0974795  0.0974795  0.0974795  0.0974795  0.0974795  0.0974795  0.0974795  0.0974795  0.0974795  0.0974795  0.223518
0.18  0.0287673  0.0287673  0.0969831  0.0969831  0.0969831  0.0969831  0.0969831  0.0969831  0.0969831  0.0969831  0.0969831  0.0969831  0.222837
0.19  0.0285531  0.0285531  0.0965559  0.0965559  0.0965559  0.0965559  0.0965559  0.0965559  0.0965559  0.0965559  0.0965559  0.0965559  0.222296
0.2  0.0283635  0.0283635  0.0961955  0.0961955  0.0961955  0.0961955  0.0961955  0.0961955  0.0961955  0.0961955  0.0961955  0.0961955  0.221889
0.21  0.0281977  0.0281977  0.0959001  0.0959001  0.0959001  0.0959001  0.0959001  0.0959001  0.0959001  0.0959001  0.0959001  0.0959001  0.221613
0.22  0.0280546  0.0280546  0.0956687  0.0956687  0.0956687  0.0956687  0.0956687  0.0956687  0.0956687  0.0956687  0.0956687  0.0956687  0.221467
0.23  0.0279336  0.0279336  0.0955002  0.0955002  0.0955002  0.0955002  0.0955002  0.0955002  0.0955002  0.0955002  0.0955002  0.0955002  0.221449
0.24  0.0278341  0.0278341  0.0953944  0.0953944  0.0953944  0.0953944  0.0953944  0.0953944  0.0953944  0.0953944  0.0953944  0.0953944  0.221559
0.25  0.0277559  0.0277559  0.095351  0.095351  0.095351  0.095351  0.095351  0.095351  0.095351  0.095351  0.095351  0.095351  0.221797
0.26  0.0276987  0.0276987  0.0953701  0.0953701  0.0953701  0.0953701  0.0953701  0.0953701  0.0953701  0.0953701  0.0953701  0.0953701  0.222164
0.27  0.0276623  0.0276623  0.0954521  0.0954521  0.0954521  0.0954521  0.0954521  0.0954521  0.0954521  0.0954521  0.0954521  0.0954521  0.22266
0.28  0.0276467  0.0276467  0.0955978  0.0955978  0.0955978  0.0955978  0.0955978  0.0955978  0.0955978  0.0955978  0.0955978  0.0955978  0.223289
0.29  0.0276519  0.0276519  0.0958078  0.0958078  0.0958078  0.0958078  0.0958078  0.0958078  0.0958078  0.0958078  0.0958078  0.0958078  0.224052
0.3  0.0276781  0.0276781  0.0960833  0.0960833  0.0960833  0.0960833  0.0960833  0.0960833  0.0960833  0.0960833  0.0960833  0.0960833  0.224951
0.31  0.0277254  0.0277254  0.0964256  0.0964256  0.0964256  0.0964256  0.0964256  0.0964256  0.0964256  0.0964256  0.0964256  0.0964256  0.22599
0.32  0.0277943  0.0277943  0.0968361  0.0968361  0.0968361  0.0968361  0.0968361  0.0968361  0.0968361  0.0968361  0.0968361  0.0968361  0.227173
0.33  0.027885  0.027885  0.0973164  0.0973164  0.0973164  0.0973164  0.0973164  0.0973164  0.0973164  0.0973164  0.0973164  0.0973164  0.228503
0.34  0.0279981  0.0279981  0.0978685  0.0978685  0.0978685  0.0978685  0.0978685  0.0978685  0.0978685  0.0978685  0.0978685  0.0978685  0.229984
0.35  0.0281339  0.0281339  0.0984945  0.0984945  0.0984945  0.0984945  0.0984945  0.0984945  0.0984945  0.0984945  0.0984945  0.0984945  0.231621
0.36  0.0282932  0.0282932  0.0991965  0.0991965  0.0991965  0.0991965  0.0991965  0.0991965  0.0991965  0.0991965  0.0991965  0.0991965  0.233419
0.37  0.0284765  0.0284765  0.0999772  0.0999772  0.0999772  0.0999772  0.0999772  0.0999772  0.0999772  0.0999772  0.0999772  0.0999772  0.235383
0.38  0.0286847  0.0286847  0.100839  0.100839  0.100839  0.100839  0.100839  0.100839  0.100839  0.100839  0.100839  0.100839  0.237519
0.39  0.0289185  0.0289185  0.101786  0.101786  0.101786  0.101786  0.101786  0.101786  0.101786  0.101786  0.101786  0.101786  0.239834
0.4  0.0291789  0.0291789  0.10282  0.10282  0.10282  0.10282  0.10282  0.10282  0.10282  0.10282  0.10282  0.10282  0.242334
0.42  0.0297834  0.0297834  0.105164  0.105164  0.105164  0.105164  0.105164  0.105164  0.105164  0.105164  0.105164  0.105164  0.247918
0.44  0.0305074  0.0305074  0.107905  0.107905  0.107905  0.107905  0.107905  0.107905  0.107905  0.107905  0.107905  0.107905  0.254335
0.46  0.0313616  0.0313616  0.111078  0.111078  0.111078  0.111078  0.111078  0.111078  0.111078  0.111078  0.111078  0.111078  0.261656
0.48  0.032359  0.032359  0.114727  0.114727  0.114727  0.114727  0.114727  0.114727  0.114727  0.114727  0.114727  0.114727  0.269965
0.5  0.0335147  0.0335147  0.1189  0.1189  0.1189  0.1189  0.1189  0.1189  0.1189  0.1189  0.1189  0.1189  0.279358
0.55  0.0372222  0.0372222  0.132043  0.132043  0.132043  0.132043  0.132043  0.132043  0.132043  0.132043  0.132043  0.132043  0.308341
0.6  0.0424279  0.0424279  0.15011  0.15011  0.15011  0.15011  0.15011  0.15011  0.15011  0.15011  0.15011  0.15011  0.347099
0.7  0.0602271  0.0602271  0.210138  0.210138  0.210138  0.210138  0.210138  0.210138  0.210138  0.210138  0.210138  0.210138  0.469803
0.8  0.100075  0.100075  0.339466  0.339466  0.339466  0.339466  0.339466  0.339466  0.339466  0.339466  0.339466  0.339466  0.714603
0.85  0.142135  0.142135  0.471611  0.471611  0.471611  0.471611  0.471611  0.471611  0.471611  0.471611  0.471611  0.471611  0.94818
0.9  0.229075  0.229075  0.736292  0.736292  0.736292  0.736292  0.736292  0.736292  0.736292  0.736292  0.736292  0.736292  1.38716
0.91  0.258616  0.258616  0.824375  0.824375  0.824375  0.824375  0.824375  0.824375  0.824375  0.824375  0.824375  0.824375  1.52741
0.92  0.295875  0.295875  0.934438  0.934438  0.934438  0.934438  0.934438  0.934438  0.934438  0.934438  0.934438  0.934438  1.69958
0.93  0.344305  0.344305  1.07601  1.07601  1.07601  1.07601  1.07601  1.07601  1.07601  1.07601  1.07601  1.07601  1.91675
0.94  0.409785  0.409785  1.26515  1.26515  1.26515  1.26515  1.26515  1.26515  1.26515  1.26515  1.26515  1.26515  2.20065
0.95  0.503242  0.503242  1.53138  1.53138  1.53138  1.53138  1.53138  1.53138  1.53138  1.53138  1.53138  1.53138  2.59034
0.96  0.647579  0.647579  1.93571  1.93571  1.93571  1.93571  1.93571  1.93571  1.93571  1.93571  1.93571  1.93571  3.16469
0.97  0.900615  0.900615  2.62937  2.62937  2.62937  2.62937  2.62937  2.62937  2.62937  2.62937  2.62937  2.62937  4.1133
0.98  1.46617  1.46617  4.1319  4.1319  4.1319  4.1319  4.1319  4.1319  4.1319  4.1319  4.1319  4.1319  6.05888
0.99  5.0959  5.0959  12.1163  12.1163  12.1163  12.1163  12.1163  12.1163  12.1163  12.1163  12.1163  12.1163  14.7665
0.999  153.107  153.107  101.827  101.827  101.827  101.827  101.827  101.827  101.827  101.827  101.827  101.827  49.5297
0.9999  180.393  180.393  150.035  150.035  150.035  150.035  150.035  150.035  150.035  150.035  150.035  150.035  124.779
