1e-05  0.305542  0.305542  1.35361  1.35361  1.35361  1.35361  1.35361  1.35361  1.35361  1.35361  1.35361  1.35361  2.92917
0.0001  0.200466  0.200466  0.974877  0.974877  0.974877  0.974877  0.974877  0.974877  0.974877  0.974877  0.974877  0.974877  2.10342
0.001  0.125572  0.125572  0.686644  0.686644  0.686644  0.686644  0.686644  0.686644  0.686644  0.686644  0.686644  0.686644  1.47575
0.01  0.0634808  0.0634808  0.41235  0.41235  0.41235  0.41235  0.41235  0.41235  0.41235  0.41235  0.41235  0.41235  0.88179
0.02  0.0527805  0.0527805  0.362866  0.362866  0.362866  0.362866  0.362866  0.362866  0.362866  0.362866  0.362866  0.362866  0.776161
0.03  0.0471056  0.0471056  0.335756  0.335756  0.335756  0.335756  0.335756  0.335756  0.335756  0.335756  0.335756  0.335756  0.718981
0.04  0.0433239  0.0433239  0.317273  0.317273  0.317273  0.317273  0.317273  0.317273  0.317273  0.317273  0.317273  0.317273  0.680442
0.05  0.0405259  0.0405259  0.303352  0.303352  0.303352  0.303352  0.303352  0.303352  0.303352  0.303352  0.303352  0.303352  0.651735
0.06  0.0383265  0.0383265  0.292252  0.292252  0.292252  0.292252  0.292252  0.292252  0.292252  0.292252  0.292252  0.292252  0.629088
0.07  0.0365283  0.0365283  0.283071  0.283071  0.283071  0.283071  0.283071  0.283071  0.283071  0.283071  0.283071  0.283071  0.610548
0.08  0.0350173  0.0350173  0.275284  0.275284  0.275284  0.275284  0.275284  0.275284  0.275284  0.275284  0.275284  0.275284  0.594979
0.09  0.0337218  0.0337218  0.26856  0.26856  0.26856  0.26856  0.26856  0.26856  0.26856  0.26856  0.26856  0.26856  0.581665
0.1  0.0325944  0.0325944  0.262678  0.262678  0.262678  0.262678  0.262678  0.262678  0.262678  0.262678  0.262678  0.262678  0.570127
0.11  0.0316016  0.0316016  0.257481  0.257481  0.257481  0.257481  0.257481  0.257481  0.257481  0.257481  0.257481  0.257481  0.560029
0.12  0.0307195  0.0307195  0.252858  0.252858  0.252858  0.252858  0.252858  0.252858  0.252858  0.252858  0.252858  0.252858  0.551129
0.13  0.0299303  0.0299303  0.248724  0.248724  0.248724  0.248724  0.248724  0.248724  0.248724  0.248724  0.248724  0.248724  0.543244
0.14  0.0292201  0.0292201  0.245015  0.245015  0.245015  0.245015  0.245015  0.245015  0.245015  0.245015  0.245015  0.245015  0.536238
0.15  0.0285786  0.0285786  0.241681  0.241681  0.241681  0.241681  0.241681  0.241681  0.241681  0.241681  0.241681  0.241681  0.530003
0.16  0.0279972  0.0279972  0.238683  0.238683  0.238683  0.238683  0.238683  0.238683  0.238683  0.238683  0.238683  0.238683  0.524454
0.17  0.0274693  0.0274693  0.235989  0.235989  0.235989  0.235989  0.235989  0.235989  0.235989  0.235989  0.235989  0.235989  0.519524
0.18  0.0269893  0.0269893  0.233574  0.233574  0.233574  0.233574  0.233574  0.233574  0.233574  0.233574  0.233574  0.233574  0.515159
0.19  0.0265529  0.0265529  0.231417  0.231417  0.231417  0.231417  0.231417  0.231417  0.231417  0.231417  0.231417  0.231417  0.511312
0.2  0.0261564  0.0261564  0.229502  0.229502  0.229502  0.229502  0.229502  0.229502  0.229502  0.229502  0.229502  0.229502  0.507949
0.21  0.0257967  0.0257967  0.227813  0.227813  0.227813  0.227813  0.227813  0.227813  0.227813  0.227813  0.227813  0.227813  0.505039
0.22  0.0254712  0.0254712  0.226341  0.226341  0.226341  0.226341  0.226341  0.226341  0.226341  0.226341  0.226341  0.226341  0.502557
0.23  0.0251779  0.0251779  0.225075  0.225075  0.225075  0.225075  0.225075  0.225075  0.225075  0.225075  0.225075  0.225075  0.500483
0.24  0.024915  0.024915  0.224008  0.224008  0.224008  0.224008  0.224008  0.224008  0.224008  0.224008  0.224008  0.224008  0.4988
0.25  0.0246809  0.0246809  0.223134  0.223134  0.223134  0.223134  0.223134  0.223134  0.223134  0.223134  0.223134  0.223134  0.497494
0.26  0.0244744  0.0244744  0.222448  0.222448  0.222448  0.222448  0.222448  0.222448  0.222448  0.222448  0.222448  0.222448  0.496553
0.27  0.0242945  0.0242945  0.221946  0.221946  0.221946  0.221946  0.221946  0.221946  0.221946  0.221946  0.221946  0.221946  0.495968
0.28  0.0241405  0.0241405  0.221625  0.221625  0.221625  0.221625  0.221625  0.221625  0.221625  0.221625  0.221625  0.221625  0.495733
0.29  0.0240115  0.0240115  0.221483  0.221483  0.221483  0.221483  0.221483  0.221483  0.221483  0.221483  0.221483  0.221483  0.49584
0.3  0.0239071  0.0239071  0.22152  0.22152  0.22152  0.22152  0.22152  0.22152  0.22152  0.22152  0.22152  0.22152  0.496287
0.31  0.0238269  0.0238269  0.221734  0.221734  0.221734  0.221734  0.221734  0.221734  0.221734  0.221734  0.221734  0.221734  0.497069
0.32  0.0237706  0.0237706  0.222125  0.222125  0.222125  0.222125  0.222125  0.222125  0.222125  0.222125  0.222125  0.222125  0.498186
0.33  0.0237381  0.0237381  0.222696  0.222696  0.222696  0.222696  0.222696  0.222696  0.222696  0.222696  0.222696  0.222696  0.499637
0.34  0.0237293  0.0237293  0.223446  0.223446  0.223446  0.223446  0.223446  0.223446  0.223446  0.223446  0.223446  0.223446  0.501421
0.35  0.0237443  0.0237443  0.224378  0.224378  0.224378  0.224378  0.224378  0.224378  0.224378  0.224378  0.224378  0.224378  0.503541
0.36  0.0237831  0.0237831  0.225495  0.225495  0.225495  0.225495  0.225495  0.225495  0.225495  0.225495  0.225495  0.225495  0.505998
0.37  0.0238461  0.0238461  0.2268  0.2268  0.2268  0.2268  0.2268  0.2268  0.2268  0.2268  0.2268  0.2268  0.508795
0.38  0.0239336  0.0239336  0.228296  0.228296  0.228296  0.228296  0.228296  0.228296  0.228296  0.228296  0.228296  0.228296  0.511936
0.39  0.024046  0.024046  0.229987  0.229987  0.229987  0.229987  0.229987  0.229987  0.229987  0.229987  0.229987  0.229987  0.515425
0.4  0.0241838  0.0241838  0.231879  0.231879  0.231879  0.231879  0.231879  0.231879  0.231879  0.231879  0.231879  0.231879  0.519267
0.42  0.0245381  0.0245381  0.236284  0.236284  0.236284  0.236284  0.236284  0.236284  0.236284  0.236284  0.236284  0.236284  0.528035
0.44  0.0250025  0.0250025  0.241563  0.241563  0.241563  0.241563  0.241563  0.241563  0.241563  0.241563  0.241563  0.241563  0.538297
0.46  0.0255846  0.0255846  0.247775  0.247775  0.247775  0.247775  0.247775  0.247775  0.247775  0.247775  0.247775  0.247775  0.550121
0.48  0.026294  0.026294  0.254994  0.254994  0.254994  0.254994  0.254994  0.254994  0.254994  0.254994  0.254994  0.254994  0.563587
0.5  0.0271422  0.0271422  0.263304  0.263304  0.263304  0.263304  0.263304  0.263304  0.263304  0.263304  0.263304  0.263304  0.578792
0.55  0.0299698  0.0299698  0.289571  0.289571  0.289571  0.289571  0.289571  0.289571  0.289571  0.289571  0.289571  0.289571  0.625187
0.6  0.0340741  0.0340741  0.325533  0.325533  0.325533  0.325533  0.325533  0.325533  0.325533  0.325533  0.325533  0.325533  0.685512
0.7  0.0485111  0.0485111  0.442373  0.442373  0.442373  0.442373  0.442373  0.442373  0.442373  0.442373  0.442373  0.442373  0.863746
0.8  0.0815012  0.0815012  0.682308  0.682308  0.682308  0.682308  0.682308  0.682308  0.682308  0.682308  0.682308  0.682308  1.17655
0.85  0.11667  0.11667  0.915834  0.915834  0.915834  0.915834  0.915834  0.915834  0.915834  0.915834  0.915834  0.915834  1.43986
0.9  0.189815  0.189815  1.3606  1.3606  1.3606  1.3606  1.3606  1.3606  1.3606  1.3606  1.3606  1.3606  1.87719
0.91  0.214744  0.214744  1.5036  1.5036  1.5036  1.5036  1.5036  1.5036  1.5036  1.5036  1.5036  1.5036  2.00568
0.92  0.246224  0.246224  1.67949  1.67949  1.67949  1.67949  1.67949  1.67949  1.67949  1.67949  1.67949  1.67949  2.1577
0.93  0.287189  0.287189  1.90176  1.90176  1.90176  1.90176  1.90176  1.90176  1.90176  1.90176  1.90176  1.90176  2.34176
0.94  0.342644  0.342644  2.19277  2.19277  2.19277  2.19277  2.19277  2.19277  2.19277  2.19277  2.19277  2.19277  2.57146
0.95  0.421893  0.421893  2.59275  2.59275  2.59275  2.59275  2.59275  2.59275  2.59275  2.59275  2.59275  2.59275  2.87025
0.96  0.544456  0.544456  3.18282  3.18282  3.18282  3.18282  3.18282  3.18282  3.18282  3.18282  3.18282  3.18282  3.28301
0.97  0.759668  0.759668  4.15785  4.15785  4.15785  4.15785  4.15785  4.15785  4.15785  4.15785  4.15785  4.15785  3.91055
0.98  1.24172  1.24172  6.15725  6.15725  6.15725  6.15725  6.15725  6.15725  6.15725  6.15725  6.15725  6.15725  5.05227
0.99  4.43336  4.43336  15.0841  15.0841  15.0841  15.0841  15.0841  15.0841  15.0841  15.0841  15.0841  15.0841  8.76118
0.999  157.174  157.174  50.1854  50.1854  50.1854  50.1854  50.1854  50.1854  50.1854  50.1854  50.1854  50.1854  13.244
0.9999  182.997  182.997  125.04  125.04  125.04  125.04  125.04  125.04  125.04  125.04  125.04  125.04  112.373
