1e-05  2.12519e-10  2.12519e-10  2.12519e-10  2.12519e-10  2.12519e-10  2.12519e-10  2.12519e-10  2.12519e-10  2.12519e-10  2.12519e-10  2.12519e-10  2.12519e-10  4.78171e-10
0.0001  2.1251e-10  2.1251e-10  2.1251e-10  2.1251e-10  2.1251e-10  2.1251e-10  2.1251e-10  2.1251e-10  2.1251e-10  2.1251e-10  2.1251e-10  2.1251e-10  4.78171e-10
0.001  2.12414e-10  2.12414e-10  2.12414e-10  2.12414e-10  2.12414e-10  2.12414e-10  2.12414e-10  2.12414e-10  2.12414e-10  2.12414e-10  2.12414e-10  2.12414e-10  4.78171e-10
0.01  3.37839e-10  3.37839e-10  3.37839e-10  3.37839e-10  3.37839e-10  3.37839e-10  3.37839e-10  3.37839e-10  3.37839e-10  3.37839e-10  3.37839e-10  3.37839e-10  7.63895e-10
0.02  3.36241e-10  3.36241e-10  3.36241e-10  3.36241e-10  3.36241e-10  3.36241e-10  3.36241e-10  3.36241e-10  3.36241e-10  3.36241e-10  3.36241e-10  3.36241e-10  7.63905e-10
0.03  3.34715e-10  3.34715e-10  3.34715e-10  3.34715e-10  3.34715e-10  3.34715e-10  3.34715e-10  3.34715e-10  3.34715e-10  3.34715e-10  3.34715e-10  3.34715e-10  7.63935e-10
0.04  3.33265e-10  3.33265e-10  3.33265e-10  3.33265e-10  3.33265e-10  3.33265e-10  3.33265e-10  3.33265e-10  3.33265e-10  3.33265e-10  3.33265e-10  3.33265e-10  7.63994e-10
0.05  3.31891e-10  3.31891e-10  3.31891e-10  3.31891e-10  3.31891e-10  3.31891e-10  3.31891e-10  3.31891e-10  3.31891e-10  3.31891e-10  3.31891e-10  3.31891e-10  7.64091e-10
0.06  3.30598e-10  3.30598e-10  3.30598e-10  3.30598e-10  3.30598e-10  3.30598e-10  3.30598e-10  3.30598e-10  3.30598e-10  3.30598e-10  3.30598e-10  3.30598e-10  7.64237e-10
0.07  3.29387e-10  3.29387e-10  3.29387e-10  3.29387e-10  3.29387e-10  3.29387e-10  3.29387e-10  3.29387e-10  3.29387e-10  3.29387e-10  3.29387e-10  3.29387e-10  7.64442e-10
0.08  3.28261e-10  3.28261e-10  3.28261e-10  3.28261e-10  3.28261e-10  3.28261e-10  3.28261e-10  3.28261e-10  3.28261e-10  3.28261e-10  3.28261e-10  3.28261e-10  7.64718e-10
0.09  3.27222e-10  3.27222e-10  3.27222e-10  3.27222e-10  3.27222e-10  3.27222e-10  3.27222e-10  3.27222e-10  3.27222e-10  3.27222e-10  3.27222e-10  3.27222e-10  7.65074e-10
0.1  3.26275e-10  3.26275e-10  3.26275e-10  3.26275e-10  3.26275e-10  3.26275e-10  3.26275e-10  3.26275e-10  3.26275e-10  3.26275e-10  3.26275e-10  3.26275e-10  7.65522e-10
0.11  3.25421e-10  3.25421e-10  3.25421e-10  3.25421e-10  3.25421e-10  3.25421e-10  3.25421e-10  3.25421e-10  3.25421e-10  3.25421e-10  3.25421e-10  3.25421e-10  7.66074e-10
0.12  3.24665e-10  3.24665e-10  3.24665e-10  3.24665e-10  3.24665e-10  3.24665e-10  3.24665e-10  3.24665e-10  3.24665e-10  3.24665e-10  3.24665e-10  3.24665e-10  7.66742e-10
0.13  3.24009e-10  3.24009e-10  3.24009e-10  3.24009e-10  3.24009e-10  3.24009e-10  3.24009e-10  3.24009e-10  3.24009e-10  3.24009e-10  3.24009e-10  3.24009e-10  7.67538e-10
0.14  3.23457e-10  3.23457e-10  3.23457e-10  3.23457e-10  3.23457e-10  3.23457e-10  3.23457e-10  3.23457e-10  3.23457e-10  3.23457e-10  3.23457e-10  3.23457e-10  7.68474e-10
0.15  3.23012e-10  3.23012e-10  3.23012e-10  3.23012e-10  3.23012e-10  3.23012e-10  3.23012e-10  3.23012e-10  3.23012e-10  3.23012e-10  3.23012e-10  3.23012e-10  7.69563e-10
0.16  3.22679e-10  3.22679e-10  3.22679e-10  3.22679e-10  3.22679e-10  3.22679e-10  3.22679e-10  3.22679e-10  3.22679e-10  3.22679e-10  3.22679e-10  3.22679e-10  7.70818e-10
0.17  3.22462e-10  3.22462e-10  3.22462e-10  3.22462e-10  3.22462e-10  3.22462e-10  3.22462e-10  3.22462e-10  3.22462e-10  3.22462e-10  3.22462e-10  3.22462e-10  7.72254e-10
0.18  3.22365e-10  3.22365e-10  3.22365e-10  3.22365e-10  3.22365e-10  3.22365e-10  3.22365e-10  3.22365e-10  3.22365e-10  3.22365e-10  3.22365e-10  3.22365e-10  7.73885e-10
0.19  3.22392e-10  3.22392e-10  3.22392e-10  3.22392e-10  3.22392e-10  3.22392e-10  3.22392e-10  3.22392e-10  3.22392e-10  3.22392e-10  3.22392e-10  3.22392e-10  7.75725e-10
0.2  3.22547e-10  3.22547e-10  3.22547e-10  3.22547e-10  3.22547e-10  3.22547e-10  3.22547e-10  3.22547e-10  3.22547e-10  3.22547e-10  3.22547e-10  3.22547e-10  7.77788e-10
0.21  3.22837e-10  3.22837e-10  3.22837e-10  3.22837e-10  3.22837e-10  3.22837e-10  3.22837e-10  3.22837e-10  3.22837e-10  3.22837e-10  3.22837e-10  3.22837e-10  7.80092e-10
0.22  3.23266e-10  3.23266e-10  3.23266e-10  3.23266e-10  3.23266e-10  3.23266e-10  3.23266e-10  3.23266e-10  3.23266e-10  3.23266e-10  3.23266e-10  3.23266e-10  7.82653e-10
0.23  3.23839e-10  3.23839e-10  3.23839e-10  3.23839e-10  3.23839e-10  3.23839e-10  3.23839e-10  3.23839e-10  3.23839e-10  3.23839e-10  3.23839e-10  3.23839e-10  7.85486e-10
0.24  3.24562e-10  3.24562e-10  3.24562e-10  3.24562e-10  3.24562e-10  3.24562e-10  3.24562e-10  3.24562e-10  3.24562e-10  3.24562e-10  3.24562e-10  3.24562e-10  7.8861e-10
0.25  3.25442e-10  3.25442e-10  3.25442e-10  3.25442e-10  3.25442e-10  3.25442e-10  3.25442e-10  3.25442e-10  3.25442e-10  3.25442e-10  3.25442e-10  3.25442e-10  7.92043e-10
0.26  3.26484e-10  3.26484e-10  3.26484e-10  3.26484e-10  3.26484e-10  3.26484e-10  3.26484e-10  3.26484e-10  3.26484e-10  3.26484e-10  3.26484e-10  3.26484e-10  7.95803e-10
0.27  3.27695e-10  3.27695e-10  3.27695e-10  3.27695e-10  3.27695e-10  3.27695e-10  3.27695e-10  3.27695e-10  3.27695e-10  3.27695e-10  3.27695e-10  3.27695e-10  7.99911e-10
0.28  3.29083e-10  3.29083e-10  3.29083e-10  3.29083e-10  3.29083e-10  3.29083e-10  3.29083e-10  3.29083e-10  3.29083e-10  3.29083e-10  3.29083e-10  3.29083e-10  8.04388e-10
0.29  3.30655e-10  3.30655e-10  3.30655e-10  3.30655e-10  3.30655e-10  3.30655e-10  3.30655e-10  3.30655e-10  3.30655e-10  3.30655e-10  3.30655e-10  3.30655e-10  8.09254e-10
0.3  3.32419e-10  3.32419e-10  3.32419e-10  3.32419e-10  3.32419e-10  3.32419e-10  3.32419e-10  3.32419e-10  3.32419e-10  3.32419e-10  3.32419e-10  3.32419e-10  8.14531e-10
0.31  3.34383e-10  3.34383e-10  3.34383e-10  3.34383e-10  3.34383e-10  3.34383e-10  3.34383e-10  3.34383e-10  3.34383e-10  3.34383e-10  3.34383e-10  3.34383e-10  8.20245e-10
0.32  3.36556e-10  3.36556e-10  3.36556e-10  3.36556e-10  3.36556e-10  3.36556e-10  3.36556e-10  3.36556e-10  3.36556e-10  3.36556e-10  3.36556e-10  3.36556e-10  8.26419e-10
0.33  3.38947e-10  3.38947e-10  3.38947e-10  3.38947e-10  3.38947e-10  3.38947e-10  3.38947e-10  3.38947e-10  3.38947e-10  3.38947e-10  3.38947e-10  3.38947e-10  8.33078e-10
0.34  3.41567e-10  3.41567e-10  3.41567e-10  3.41567e-10  3.41567e-10  3.41567e-10  3.41567e-10  3.41567e-10  3.41567e-10  3.41567e-10  3.41567e-10  3.41567e-10  8.40251e-10
0.35  3.44426e-10  3.44426e-10  3.44426e-10  3.44426e-10  3.44426e-10  3.44426e-10  3.44426e-10  3.44426e-10  3.44426e-10  3.44426e-10  3.44426e-10  3.44426e-10  8.47965e-10
0.36  3.47535e-10  3.47535e-10  3.47535e-10  3.47535e-10  3.47535e-10  3.47535e-10  3.47535e-10  3.47535e-10  3.47535e-10  3.47535e-10  3.47535e-10  3.47535e-10  8.5625e-10
0.37  3.50907e-10  3.50907e-10  3.50907e-10  3.50907e-10  3.50907e-10  3.50907e-10  3.50907e-10  3.50907e-10  3.50907e-10  3.50907e-10  3.50907e-10  3.50907e-10  8.65139e-10
0.38  3.54553e-10  3.54553e-10  3.54553e-10  3.54553e-10  3.54553e-10  3.54553e-10  3.54553e-10  3.54553e-10  3.54553e-10  3.54553e-10  3.54553e-10  3.54553e-10  8.74664e-10
0.39  3.58489e-10  3.58489e-10  3.58489e-10  3.58489e-10  3.58489e-10  3.58489e-10  3.58489e-10  3.58489e-10  3.58489e-10  3.58489e-10  3.58489e-10  3.58489e-10  8.84861e-10
0.4  3.62727e-10  3.62727e-10  3.62727e-10  3.62727e-10  3.62727e-10  3.62727e-10  3.62727e-10  3.62727e-10  3.62727e-10  3.62727e-10  3.62727e-10  3.62727e-10  8.95766e-10
0.42  3.72177e-10  3.72177e-10  3.72177e-10  3.72177e-10  3.72177e-10  3.72177e-10  3.72177e-10  3.72177e-10  3.72177e-10  3.72177e-10  3.72177e-10  3.72177e-10  9.19865e-10
0.44  3.8304e-10  3.8304e-10  3.8304e-10  3.8304e-10  3.8304e-10  3.8304e-10  3.8304e-10  3.8304e-10  3.8304e-10  3.8304e-10  3.8304e-10  3.8304e-10  9.47306e-10
0.46  3.95475e-10  3.95475e-10  3.95475e-10  3.95475e-10  3.95475e-10  3.95475e-10  3.95475e-10  3.95475e-10  3.95475e-10  3.95475e-10  3.95475e-10  3.95475e-10  9.78483e-10
0.48  4.09664e-10  4.09664e-10  4.09664e-10  4.09664e-10  4.09664e-10  4.09664e-10  4.09664e-10  4.09664e-10  4.09664e-10  4.09664e-10  4.09664e-10  4.09664e-10  1.01384e-09
0.5  4.25818e-10  4.25818e-10  4.25818e-10  4.25818e-10  4.25818e-10  4.25818e-10  4.25818e-10  4.25818e-10  4.25818e-10  4.25818e-10  4.25818e-10  4.25818e-10  1.0539e-09
0.55  4.76538e-10  4.76538e-10  4.76538e-10  4.76538e-10  4.76538e-10  4.76538e-10  4.76538e-10  4.76538e-10  4.76538e-10  4.76538e-10  4.76538e-10  4.76538e-10  1.17873e-09
0.6  5.46486e-10  5.46486e-10  5.46486e-10  5.46486e-10  5.46486e-10  5.46486e-10  5.46486e-10  5.46486e-10  5.46486e-10  5.46486e-10  5.46486e-10  5.46486e-10  1.34935e-09
0.7  7.82966e-10  7.82966e-10  7.82966e-10  7.82966e-10  7.82966e-10  7.82966e-10  7.82966e-10  7.82966e-10  7.82966e-10  7.82966e-10  7.82966e-10  7.82966e-10  1.91777e-09
0.8  1.31198e-09  1.31198e-09  1.31198e-09  1.31198e-09  1.31198e-09  1.31198e-09  1.31198e-09  1.31198e-09  1.31198e-09  1.31198e-09  1.31198e-09  1.31198e-09  3.16142e-09
0.85  1.8733e-09  1.8733e-09  1.8733e-09  1.8733e-09  1.8733e-09  1.8733e-09  1.8733e-09  1.8733e-09  1.8733e-09  1.8733e-09  1.8733e-09  1.8733e-09  4.4589e-09
0.9  3.04247e-09  3.04247e-09  3.04247e-09  3.04247e-09  3.04247e-09  3.04247e-09  3.04247e-09  3.04247e-09  3.04247e-09  3.04247e-09  3.04247e-09  3.04247e-09  7.13005e-09
0.91  3.44202e-09  3.44202e-09  3.44202e-09  3.44202e-09  3.44202e-09  3.44202e-09  3.44202e-09  3.44202e-09  3.44202e-09  3.44202e-09  3.44202e-09  3.44202e-09  8.03792e-09
0.92  3.94742e-09  3.94742e-09  3.94742e-09  3.94742e-09  3.94742e-09  3.94742e-09  3.94742e-09  3.94742e-09  3.94742e-09  3.94742e-09  3.94742e-09  3.94742e-09  9.18419e-09
0.93  4.60647e-09  4.60647e-09  4.60647e-09  4.60647e-09  4.60647e-09  4.60647e-09  4.60647e-09  4.60647e-09  4.60647e-09  4.60647e-09  4.60647e-09  4.60647e-09  1.06765e-08
0.94  5.50101e-09  5.50101e-09  5.50101e-09  5.50101e-09  5.50101e-09  5.50101e-09  5.50101e-09  5.50101e-09  5.50101e-09  5.50101e-09  5.50101e-09  5.50101e-09  1.26989e-08
0.95  6.78368e-09  6.78368e-09  6.78368e-09  6.78368e-09  6.78368e-09  6.78368e-09  6.78368e-09  6.78368e-09  6.78368e-09  6.78368e-09  6.78368e-09  6.78368e-09  1.55949e-08
0.96  8.77626e-09  8.77626e-09  8.77626e-09  8.77626e-09  8.77626e-09  8.77626e-09  8.77626e-09  8.77626e-09  8.77626e-09  8.77626e-09  8.77626e-09  8.77626e-09  2.00884e-08
0.97  1.22966e-08  1.22966e-08  1.22966e-08  1.22966e-08  1.22966e-08  1.22966e-08  1.22966e-08  1.22966e-08  1.22966e-08  1.22966e-08  1.22966e-08  1.22966e-08  2.80198e-08
0.98  2.0257e-08  2.0257e-08  2.0257e-08  2.0257e-08  2.0257e-08  2.0257e-08  2.0257e-08  2.0257e-08  2.0257e-08  2.0257e-08  2.0257e-08  2.0257e-08  4.59416e-08
0.99  0.552078  0.552078  0.552078  0.552078  0.552078  0.552078  0.552078  0.552078  0.552078  0.552078  0.552078  0.552078  0.552078
0.999  179.82  179.82  179.82  179.82  179.82  179.82  179.82  179.82  179.82  179.82  179.82  179.82  179.82
0.9999  197.98  197.98  197.98  197.98  197.98  197.98  197.98  197.98  197.98  197.98  197.98  197.98  197.98
