1e-05  1.22735e+17  1.22735e+17  5.72177e+17  5.72177e+17  5.72177e+17  5.72177e+17  5.72177e+17  5.72177e+17  5.72177e+17  5.72177e+17  5.72177e+17  5.72177e+17  1.23645e+18
0.0001  7.5454e+16  7.5454e+16  4.05596e+17  4.05596e+17  4.05596e+17  4.05596e+17  4.05596e+17  4.05596e+17  4.05596e+17  4.05596e+17  4.05596e+17  4.05596e+17  8.72972e+17
0.001  4.22932e+16  4.22932e+16  2.78128e+17  2.78128e+17  2.78128e+17  2.78128e+17  2.78128e+17  2.78128e+17  2.78128e+17  2.78128e+17  2.78128e+17  2.78128e+17  5.95514e+17
0.01  2.01675e+16  2.01675e+16  1.82586e+17  1.82586e+17  1.82586e+17  1.82586e+17  1.82586e+17  1.82586e+17  1.82586e+17  1.82586e+17  1.82586e+17  1.82586e+17  3.88999e+17
0.02  1.54395e+16  1.54395e+16  1.59422e+17  1.59422e+17  1.59422e+17  1.59422e+17  1.59422e+17  1.59422e+17  1.59422e+17  1.59422e+17  1.59422e+17  1.59422e+17  3.39548e+17
0.05  1.07745e+16  1.07745e+16  1.32744e+17  1.32744e+17  1.32744e+17  1.32744e+17  1.32744e+17  1.32744e+17  1.32744e+17  1.32744e+17  1.32744e+17  1.32744e+17  2.82025e+17
0.07  9.63526e+15  9.63526e+15  1.23838e+17  1.23838e+17  1.23838e+17  1.23838e+17  1.23838e+17  1.23838e+17  1.23838e+17  1.23838e+17  1.23838e+17  1.23838e+17  2.61126e+17
0.1  8.88036e+15  8.88036e+15  1.13714e+17  1.13714e+17  1.13714e+17  1.13714e+17  1.13714e+17  1.13714e+17  1.13714e+17  1.13714e+17  1.13714e+17  1.13714e+17  2.33049e+17
0.2  5.33744e+15  5.33744e+15  4.92471e+16  4.92471e+16  4.92471e+16  4.92471e+16  4.92471e+16  4.92471e+16  4.92471e+16  4.92471e+16  4.92471e+16  4.92471e+16  1.07226e+17
0.3  6.00286e+15  6.00286e+15  4.94701e+16  4.94701e+16  4.94701e+16  4.94701e+16  4.94701e+16  4.94701e+16  4.94701e+16  4.94701e+16  4.94701e+16  4.94701e+16  1.04162e+17
0.5  1.06548e+16  1.06548e+16  6.25353e+16  6.25353e+16  6.25353e+16  6.25353e+16  6.25353e+16  6.25353e+16  6.25353e+16  6.25353e+16  6.25353e+16  6.25353e+16  1.10556e+17
0.7  9.562e+15  9.562e+15  5.28319e+16  5.28319e+16  5.28319e+16  5.28319e+16  5.28319e+16  5.28319e+16  5.28319e+16  5.28319e+16  5.28319e+16  5.28319e+16  8.77202e+16
0.8  1.67632e+16  1.67632e+16  7.77165e+16  7.77165e+16  7.77165e+16  7.77165e+16  7.77165e+16  7.77165e+16  7.77165e+16  7.77165e+16  7.77165e+16  7.77165e+16  1.06401e+17
0.9  1.4447e+16  1.4447e+16  8.22741e+16  8.22741e+16  8.22741e+16  8.22741e+16  8.22741e+16  8.22741e+16  8.22741e+16  8.22741e+16  8.22741e+16  8.22741e+16  1.25218e+17
0.93  2.14975e+16  2.14975e+16  1.15387e+17  1.15387e+17  1.15387e+17  1.15387e+17  1.15387e+17  1.15387e+17  1.15387e+17  1.15387e+17  1.15387e+17  1.15387e+17  1.60136e+17
0.95  3.08853e+16  3.08853e+16  1.56988e+17  1.56988e+17  1.56988e+17  1.56988e+17  1.56988e+17  1.56988e+17  1.56988e+17  1.56988e+17  1.56988e+17  1.56988e+17  2.00199e+17
0.98  7.96164e+16  7.96164e+16  3.50649e+17  3.50649e+17  3.50649e+17  3.50649e+17  3.50649e+17  3.50649e+17  3.50649e+17  3.50649e+17  3.50649e+17  3.50649e+17  3.58999e+17
0.99  1.59469e+17  1.59469e+17  6.32048e+17  6.32048e+17  6.32048e+17  6.32048e+17  6.32048e+17  6.32048e+17  6.32048e+17  6.32048e+17  6.32048e+17  6.32048e+17  5.52171e+17
0.999  5.10528e+18  5.10528e+18  4.20097e+18  4.20097e+18  4.20097e+18  4.20097e+18  4.20097e+18  4.20097e+18  4.20097e+18  4.20097e+18  4.20097e+18  4.20097e+18  7.38873e+17
0.9999  1.03996e+20  1.03996e+20  5.6043e+19  5.6043e+19  5.6043e+19  5.6043e+19  5.6043e+19  5.6043e+19  5.6043e+19  5.6043e+19  5.6043e+19  5.6043e+19  1.07444e+19
