1e-05  6.7853  6.7853  12.602  12.602  12.602  12.602  12.602  12.602  12.602  12.602  12.602  12.602  27.9388
0.0001  5.56555  5.56555  10.9845  10.9845  10.9845  10.9845  10.9845  10.9845  10.9845  10.9845  10.9845  10.9845  24.3361
0.001  4.47603  4.47603  9.51404  9.51404  9.51404  9.51404  9.51404  9.51404  9.51404  9.51404  9.51404  9.51404  21.0682
0.01  3.51778  3.51778  8.17539  8.17539  8.17539  8.17539  8.17539  8.17539  8.17539  8.17539  8.17539  8.17539  18.1543
0.02  3.26266  3.26266  7.79394  7.79394  7.79394  7.79394  7.79394  7.79394  7.79394  7.79394  7.79394  7.79394  17.3716
0.05  2.96764  2.96764  7.29934  7.29934  7.29934  7.29934  7.29934  7.29934  7.29934  7.29934  7.29934  7.29934  16.4203
0.07  2.8782  2.8782  7.11605  7.11605  7.11605  7.11605  7.11605  7.11605  7.11605  7.11605  7.11605  7.11605  16.0648
0.1  2.79813  2.79813  6.90056  6.90056  6.90056  6.90056  6.90056  6.90056  6.90056  6.90056  6.90056  6.90056  15.5538
0.2  1.08398  1.08398  2.49414  2.49414  2.49414  2.49414  2.49414  2.49414  2.49414  2.49414  2.49414  2.49414  5.80595
0.3  1.15108  1.15108  2.57222  2.57222  2.57222  2.57222  2.57222  2.57222  2.57222  2.57222  2.57222  2.57222  5.95423
0.5  1.64768  1.64768  3.35505  3.35505  3.35505  3.35505  3.35505  3.35505  3.35505  3.35505  3.35505  3.35505  7.25043
0.7  1.24649  1.24649  2.39011  2.39011  2.39011  2.39011  2.39011  2.39011  2.39011  2.39011  2.39011  2.39011  5.04357
0.8  2.08183  2.08183  3.83152  3.83152  3.83152  3.83152  3.83152  3.83152  3.83152  3.83152  3.83152  3.83152  7.39426
0.9  1.7364  1.7364  3.30458  3.30458  3.30458  3.30458  3.30458  3.30458  3.30458  3.30458  3.30458  3.30458  6.79798
0.93  2.56512  2.56512  4.82746  4.82746  4.82746  4.82746  4.82746  4.82746  4.82746  4.82746  4.82746  4.82746  9.57391
0.95  3.66494  3.66494  6.82629  6.82629  6.82629  6.82629  6.82629  6.82629  6.82629  6.82629  6.82629  6.82629  13.1058
0.98  9.34749  9.34749  16.9411  16.9411  16.9411  16.9411  16.9411  16.9411  16.9411  16.9411  16.9411  16.9411  30.0299
0.99  18.6206  18.6206  33.0761  33.0761  33.0761  33.0761  33.0761  33.0761  33.0761  33.0761  33.0761  33.0761  55.5042
0.999  548.894  548.894  675.782  675.782  675.782  675.782  675.782  675.782  675.782  675.782  675.782  675.782  556.981
0.9999  10373.8  10373.8  9853.85  9853.85  9853.85  9853.85  9853.85  9853.85  9853.85  9853.85  9853.85  9853.85  7171.21
