1e-05  0.033804  0.033804  0.033804  0.033804  0.033804  0.033804  0.033804  0.033804  0.033804  0.033804  0.033804  0.033804  0.075604
0.0001  0.0316933  0.0316933  0.0316933  0.0316933  0.0316933  0.0316933  0.0316933  0.0316933  0.0316933  0.0316933  0.0316933  0.0316933  0.0708789
0.001  0.0296479  0.0296479  0.0296479  0.0296479  0.0296479  0.0296479  0.0296479  0.0296479  0.0296479  0.0296479  0.0296479  0.0296479  0.0663357
0.01  0.0330513  0.0330513  0.0330513  0.0330513  0.0330513  0.0330513  0.0330513  0.0330513  0.0330513  0.0330513  0.0330513  0.0330513  0.0741765
0.02  0.0321939  0.0321939  0.0321939  0.0321939  0.0321939  0.0321939  0.0321939  0.0321939  0.0321939  0.0321939  0.0321939  0.0321939  0.0725669
0.03  0.0316479  0.0316479  0.0316479  0.0316479  0.0316479  0.0316479  0.0316479  0.0316479  0.0316479  0.0316479  0.0316479  0.0316479  0.0716425
0.04  0.0312323  0.0312323  0.0312323  0.0312323  0.0312323  0.0312323  0.0312323  0.0312323  0.0312323  0.0312323  0.0312323  0.0312323  0.0709986
0.05  0.0308911  0.0308911  0.0308911  0.0308911  0.0308911  0.0308911  0.0308911  0.0308911  0.0308911  0.0308911  0.0308911  0.0308911  0.0705097
0.06  0.0305996  0.0305996  0.0305996  0.0305996  0.0305996  0.0305996  0.0305996  0.0305996  0.0305996  0.0305996  0.0305996  0.0305996  0.070121
0.07  0.0303448  0.0303448  0.0303448  0.0303448  0.0303448  0.0303448  0.0303448  0.0303448  0.0303448  0.0303448  0.0303448  0.0303448  0.0698037
0.08  0.0301189  0.0301189  0.0301189  0.0301189  0.0301189  0.0301189  0.0301189  0.0301189  0.0301189  0.0301189  0.0301189  0.0301189  0.069541
0.09  0.0299173  0.0299173  0.0299173  0.0299173  0.0299173  0.0299173  0.0299173  0.0299173  0.0299173  0.0299173  0.0299173  0.0299173  0.0693227
0.1  0.0297366  0.0297366  0.0297366  0.0297366  0.0297366  0.0297366  0.0297366  0.0297366  0.0297366  0.0297366  0.0297366  0.0297366  0.0691418
0.11  0.0295746  0.0295746  0.0295746  0.0295746  0.0295746  0.0295746  0.0295746  0.0295746  0.0295746  0.0295746  0.0295746  0.0295746  0.0689939
0.12  0.02943  0.02943  0.02943  0.02943  0.02943  0.02943  0.02943  0.02943  0.02943  0.02943  0.02943  0.02943  0.0688759
0.13  0.0293014  0.0293014  0.0293014  0.0293014  0.0293014  0.0293014  0.0293014  0.0293014  0.0293014  0.0293014  0.0293014  0.0293014  0.0687859
0.14  0.0291883  0.0291883  0.0291883  0.0291883  0.0291883  0.0291883  0.0291883  0.0291883  0.0291883  0.0291883  0.0291883  0.0291883  0.0687224
0.15  0.02909  0.02909  0.02909  0.02909  0.02909  0.02909  0.02909  0.02909  0.02909  0.02909  0.02909  0.02909  0.0686848
0.16  0.0290062  0.0290062  0.0290062  0.0290062  0.0290062  0.0290062  0.0290062  0.0290062  0.0290062  0.0290062  0.0290062  0.0290062  0.0686725
0.17  0.0289367  0.0289367  0.0289367  0.0289367  0.0289367  0.0289367  0.0289367  0.0289367  0.0289367  0.0289367  0.0289367  0.0289367  0.0686856
0.18  0.0288813  0.0288813  0.0288813  0.0288813  0.0288813  0.0288813  0.0288813  0.0288813  0.0288813  0.0288813  0.0288813  0.0288813  0.0687242
0.19  0.0288402  0.0288402  0.0288402  0.0288402  0.0288402  0.0288402  0.0288402  0.0288402  0.0288402  0.0288402  0.0288402  0.0288402  0.0687887
0.2  0.0288133  0.0288133  0.0288133  0.0288133  0.0288133  0.0288133  0.0288133  0.0288133  0.0288133  0.0288133  0.0288133  0.0288133  0.0688796
0.21  0.0288007  0.0288007  0.0288007  0.0288007  0.0288007  0.0288007  0.0288007  0.0288007  0.0288007  0.0288007  0.0288007  0.0288007  0.0689976
0.22  0.0288028  0.0288028  0.0288028  0.0288028  0.0288028  0.0288028  0.0288028  0.0288028  0.0288028  0.0288028  0.0288028  0.0288028  0.0691435
0.23  0.0288197  0.0288197  0.0288197  0.0288197  0.0288197  0.0288197  0.0288197  0.0288197  0.0288197  0.0288197  0.0288197  0.0288197  0.0693183
0.24  0.0288518  0.0288518  0.0288518  0.0288518  0.0288518  0.0288518  0.0288518  0.0288518  0.0288518  0.0288518  0.0288518  0.0288518  0.069523
0.25  0.0288993  0.0288993  0.0288993  0.0288993  0.0288993  0.0288993  0.0288993  0.0288993  0.0288993  0.0288993  0.0288993  0.0288993  0.0697589
0.26  0.0289628  0.0289628  0.0289628  0.0289628  0.0289628  0.0289628  0.0289628  0.0289628  0.0289628  0.0289628  0.0289628  0.0289628  0.0700271
0.27  0.0290426  0.0290426  0.0290426  0.0290426  0.0290426  0.0290426  0.0290426  0.0290426  0.0290426  0.0290426  0.0290426  0.0290426  0.070329
0.28  0.0291392  0.0291392  0.0291392  0.0291392  0.0291392  0.0291392  0.0291392  0.0291392  0.0291392  0.0291392  0.0291392  0.0291392  0.0706661
0.29  0.0292533  0.0292533  0.0292533  0.0292533  0.0292533  0.0292533  0.0292533  0.0292533  0.0292533  0.0292533  0.0292533  0.0292533  0.0710398
0.3  0.0293852  0.0293852  0.0293852  0.0293852  0.0293852  0.0293852  0.0293852  0.0293852  0.0293852  0.0293852  0.0293852  0.0293852  0.0714519
0.31  0.0295358  0.0295358  0.0295358  0.0295358  0.0295358  0.0295358  0.0295358  0.0295358  0.0295358  0.0295358  0.0295358  0.0295358  0.0719042
0.32  0.0297056  0.0297056  0.0297056  0.0297056  0.0297056  0.0297056  0.0297056  0.0297056  0.0297056  0.0297056  0.0297056  0.0297056  0.0723983
0.33  0.0298954  0.0298954  0.0298954  0.0298954  0.0298954  0.0298954  0.0298954  0.0298954  0.0298954  0.0298954  0.0298954  0.0298954  0.0729364
0.34  0.030106  0.030106  0.030106  0.030106  0.030106  0.030106  0.030106  0.030106  0.030106  0.030106  0.030106  0.030106  0.0735204
0.35  0.0303382  0.0303382  0.0303382  0.0303382  0.0303382  0.0303382  0.0303382  0.0303382  0.0303382  0.0303382  0.0303382  0.0303382  0.0741527
0.36  0.030593  0.030593  0.030593  0.030593  0.030593  0.030593  0.030593  0.030593  0.030593  0.030593  0.030593  0.030593  0.0748354
0.37  0.0308712  0.0308712  0.0308712  0.0308712  0.0308712  0.0308712  0.0308712  0.0308712  0.0308712  0.0308712  0.0308712  0.0308712  0.075571
0.38  0.0311739  0.0311739  0.0311739  0.0311739  0.0311739  0.0311739  0.0311739  0.0311739  0.0311739  0.0311739  0.0311739  0.0311739  0.0763622
0.39  0.0315023  0.0315023  0.0315023  0.0315023  0.0315023  0.0315023  0.0315023  0.0315023  0.0315023  0.0315023  0.0315023  0.0315023  0.0772116
0.4  0.0318575  0.0318575  0.0318575  0.0318575  0.0318575  0.0318575  0.0318575  0.0318575  0.0318575  0.0318575  0.0318575  0.0318575  0.0781223
0.42  0.0326535  0.0326535  0.0326535  0.0326535  0.0326535  0.0326535  0.0326535  0.0326535  0.0326535  0.0326535  0.0326535  0.0326535  0.0801398
0.44  0.0335733  0.0335733  0.0335733  0.0335733  0.0335733  0.0335733  0.0335733  0.0335733  0.0335733  0.0335733  0.0335733  0.0335733  0.0824418
0.46  0.0346299  0.0346299  0.0346299  0.0346299  0.0346299  0.0346299  0.0346299  0.0346299  0.0346299  0.0346299  0.0346299  0.0346299  0.0850591
0.48  0.0358386  0.0358386  0.0358386  0.0358386  0.0358386  0.0358386  0.0358386  0.0358386  0.0358386  0.0358386  0.0358386  0.0358386  0.0880269
0.5  0.0372169  0.0372169  0.0372169  0.0372169  0.0372169  0.0372169  0.0372169  0.0372169  0.0372169  0.0372169  0.0372169  0.0372169  0.0913853
0.55  0.0415487  0.0415487  0.0415487  0.0415487  0.0415487  0.0415487  0.0415487  0.0415487  0.0415487  0.0415487  0.0415487  0.0415487  0.101813
0.6  0.0475178  0.0475178  0.0475178  0.0475178  0.0475178  0.0475178  0.0475178  0.0475178  0.0475178  0.0475178  0.0475178  0.0475178  0.11596
0.7  0.067591  0.067591  0.067591  0.067591  0.067591  0.067591  0.067591  0.067591  0.067591  0.067591  0.067591  0.067591  0.162296
0.8  0.111976  0.111976  0.111976  0.111976  0.111976  0.111976  0.111976  0.111976  0.111976  0.111976  0.111976  0.111976  0.260662
0.85  0.158524  0.158524  0.158524  0.158524  0.158524  0.158524  0.158524  0.158524  0.158524  0.158524  0.158524  0.158524  0.360388
0.9  0.25431  0.25431  0.25431  0.25431  0.25431  0.25431  0.25431  0.25431  0.25431  0.25431  0.25431  0.25431  0.559847
0.91  0.286776  0.286776  0.286776  0.286776  0.286776  0.286776  0.286776  0.286776  0.286776  0.286776  0.286776  0.286776  0.62634
0.92  0.327687  0.327687  0.327687  0.327687  0.327687  0.327687  0.327687  0.327687  0.327687  0.327687  0.327687  0.327687  0.709557
0.93  0.38081  0.38081  0.38081  0.38081  0.38081  0.38081  0.38081  0.38081  0.38081  0.38081  0.38081  0.38081  0.816829
0.94  0.452562  0.452562  0.452562  0.452562  0.452562  0.452562  0.452562  0.452562  0.452562  0.452562  0.452562  0.452562  0.960579
0.95  0.554856  0.554856  0.554856  0.554856  0.554856  0.554856  0.554856  0.554856  0.554856  0.554856  0.554856  0.554856  1.16372
0.96  0.712653  0.712653  0.712653  0.712653  0.712653  0.712653  0.712653  0.712653  0.712653  0.712653  0.712653  0.712653  1.47392
0.97  0.988905  0.988905  0.988905  0.988905  0.988905  0.988905  0.988905  0.988905  0.988905  0.988905  0.988905  0.988905  2.0102
0.98  1.60528  1.60528  1.60528  1.60528  1.60528  1.60528  1.60528  1.60528  1.60528  1.60528  1.60528  1.60528  3.18588
0.99  5.49701  5.49701  5.49701  5.49701  5.49701  5.49701  5.49701  5.49701  5.49701  5.49701  5.49701  5.49701  9.77773
0.999  150.631  150.631  150.631  150.631  150.631  150.631  150.631  150.631  150.631  150.631  150.631  150.631  119.411
0.9999  178.819  178.819  178.819  178.819  178.819  178.819  178.819  178.819  178.819  178.819  178.819  178.819  160.024
