1e-05  6.37593e-07  6.37593e-07  6.37593e-07  6.37593e-07  6.37593e-07  6.37593e-07  6.37593e-07  6.37593e-07  6.37593e-07  6.37593e-07  6.37593e-07  6.37593e-07  1.91204e-06
0.0001  6.36717e-06  6.36717e-06  6.36717e-06  6.36717e-06  6.36717e-06  6.36717e-06  6.36717e-06  6.36717e-06  6.36717e-06  6.36717e-06  6.36717e-06  6.36717e-06  1.90998e-05
0.001  6.3663e-05  6.3663e-05  6.3663e-05  6.3663e-05  6.3663e-05  6.3663e-05  6.3663e-05  6.3663e-05  6.3663e-05  6.3663e-05  6.3663e-05  6.3663e-05  0.000190893
0.01  0.000636716  0.000636716  0.000636716  0.000636716  0.000636716  0.000636716  0.000636716  0.000636716  0.000636716  0.000636716  0.000636716  0.000636716  0.00190059
0.02  0.001274  0.001274  0.001274  0.001274  0.001274  0.001274  0.001274  0.001274  0.001274  0.001274  0.001274  0.001274  0.00378375
0.03  0.00191246  0.00191246  0.00191246  0.00191246  0.00191246  0.00191246  0.00191246  0.00191246  0.00191246  0.00191246  0.00191246  0.00191246  0.00565127
0.04  0.00255273  0.00255273  0.00255273  0.00255273  0.00255273  0.00255273  0.00255273  0.00255273  0.00255273  0.00255273  0.00255273  0.00255273  0.007505
0.05  0.00319549  0.00319549  0.00319549  0.00319549  0.00319549  0.00319549  0.00319549  0.00319549  0.00319549  0.00319549  0.00319549  0.00319549  0.00934694
0.06  0.00384146  0.00384146  0.00384146  0.00384146  0.00384146  0.00384146  0.00384146  0.00384146  0.00384146  0.00384146  0.00384146  0.00384146  0.0111792
0.07  0.0044914  0.0044914  0.0044914  0.0044914  0.0044914  0.0044914  0.0044914  0.0044914  0.0044914  0.0044914  0.0044914  0.0044914  0.0130039
0.08  0.00514613  0.00514613  0.00514613  0.00514613  0.00514613  0.00514613  0.00514613  0.00514613  0.00514613  0.00514613  0.00514613  0.00514613  0.0148236
0.09  0.0058065  0.0058065  0.0058065  0.0058065  0.0058065  0.0058065  0.0058065  0.0058065  0.0058065  0.0058065  0.0058065  0.0058065  0.0166405
0.1  0.00647342  0.00647342  0.00647342  0.00647342  0.00647342  0.00647342  0.00647342  0.00647342  0.00647342  0.00647342  0.00647342  0.00647342  0.0184575
0.11  0.00714787  0.00714787  0.00714787  0.00714787  0.00714787  0.00714787  0.00714787  0.00714787  0.00714787  0.00714787  0.00714787  0.00714787  0.0202772
0.12  0.00783087  0.00783087  0.00783087  0.00783087  0.00783087  0.00783087  0.00783087  0.00783087  0.00783087  0.00783087  0.00783087  0.00783087  0.0221025
0.13  0.00852351  0.00852351  0.00852351  0.00852351  0.00852351  0.00852351  0.00852351  0.00852351  0.00852351  0.00852351  0.00852351  0.00852351  0.0239367
0.14  0.00922697  0.00922697  0.00922697  0.00922697  0.00922697  0.00922697  0.00922697  0.00922697  0.00922697  0.00922697  0.00922697  0.00922697  0.025783
0.15  0.00994247  0.00994247  0.00994247  0.00994247  0.00994247  0.00994247  0.00994247  0.00994247  0.00994247  0.00994247  0.00994247  0.00994247  0.0276449
0.16  0.0106713  0.0106713  0.0106713  0.0106713  0.0106713  0.0106713  0.0106713  0.0106713  0.0106713  0.0106713  0.0106713  0.0106713  0.0295261
0.17  0.011415  0.011415  0.011415  0.011415  0.011415  0.011415  0.011415  0.011415  0.011415  0.011415  0.011415  0.011415  0.0314304
0.18  0.0121749  0.0121749  0.0121749  0.0121749  0.0121749  0.0121749  0.0121749  0.0121749  0.0121749  0.0121749  0.0121749  0.0121749  0.0333621
0.19  0.0129526  0.0129526  0.0129526  0.0129526  0.0129526  0.0129526  0.0129526  0.0129526  0.0129526  0.0129526  0.0129526  0.0129526  0.0353256
0.2  0.0137498  0.0137498  0.0137498  0.0137498  0.0137498  0.0137498  0.0137498  0.0137498  0.0137498  0.0137498  0.0137498  0.0137498  0.0373254
0.21  0.0145684  0.0145684  0.0145684  0.0145684  0.0145684  0.0145684  0.0145684  0.0145684  0.0145684  0.0145684  0.0145684  0.0145684  0.0393667
0.22  0.0154103  0.0154103  0.0154103  0.0154103  0.0154103  0.0154103  0.0154103  0.0154103  0.0154103  0.0154103  0.0154103  0.0154103  0.0414545
0.23  0.0162774  0.0162774  0.0162774  0.0162774  0.0162774  0.0162774  0.0162774  0.0162774  0.0162774  0.0162774  0.0162774  0.0162774  0.0435945
0.24  0.0171721  0.0171721  0.0171721  0.0171721  0.0171721  0.0171721  0.0171721  0.0171721  0.0171721  0.0171721  0.0171721  0.0171721  0.0457926
0.25  0.0180966  0.0180966  0.0180966  0.0180966  0.0180966  0.0180966  0.0180966  0.0180966  0.0180966  0.0180966  0.0180966  0.0180966  0.0480552
0.26  0.0190534  0.0190534  0.0190534  0.0190534  0.0190534  0.0190534  0.0190534  0.0190534  0.0190534  0.0190534  0.0190534  0.0190534  0.0503888
0.27  0.0200453  0.0200453  0.0200453  0.0200453  0.0200453  0.0200453  0.0200453  0.0200453  0.0200453  0.0200453  0.0200453  0.0200453  0.0528007
0.28  0.021075  0.021075  0.021075  0.021075  0.021075  0.021075  0.021075  0.021075  0.021075  0.021075  0.021075  0.021075  0.0552985
0.29  0.0221457  0.0221457  0.0221457  0.0221457  0.0221457  0.0221457  0.0221457  0.0221457  0.0221457  0.0221457  0.0221457  0.0221457  0.0578901
0.3  0.0232606  0.0232606  0.0232606  0.0232606  0.0232606  0.0232606  0.0232606  0.0232606  0.0232606  0.0232606  0.0232606  0.0232606  0.0605844
0.31  0.0244232  0.0244232  0.0244232  0.0244232  0.0244232  0.0244232  0.0244232  0.0244232  0.0244232  0.0244232  0.0244232  0.0244232  0.0633904
0.32  0.0256373  0.0256373  0.0256373  0.0256373  0.0256373  0.0256373  0.0256373  0.0256373  0.0256373  0.0256373  0.0256373  0.0256373  0.066318
0.33  0.0269071  0.0269071  0.0269071  0.0269071  0.0269071  0.0269071  0.0269071  0.0269071  0.0269071  0.0269071  0.0269071  0.0269071  0.0693778
0.34  0.0282367  0.0282367  0.0282367  0.0282367  0.0282367  0.0282367  0.0282367  0.0282367  0.0282367  0.0282367  0.0282367  0.0282367  0.072581
0.35  0.029631  0.029631  0.029631  0.029631  0.029631  0.029631  0.029631  0.029631  0.029631  0.029631  0.029631  0.029631  0.0759395
0.36  0.0310949  0.0310949  0.0310949  0.0310949  0.0310949  0.0310949  0.0310949  0.0310949  0.0310949  0.0310949  0.0310949  0.0310949  0.0794664
0.37  0.032634  0.032634  0.032634  0.032634  0.032634  0.032634  0.032634  0.032634  0.032634  0.032634  0.032634  0.032634  0.0831755
0.38  0.034254  0.034254  0.034254  0.034254  0.034254  0.034254  0.034254  0.034254  0.034254  0.034254  0.034254  0.034254  0.0870815
0.39  0.0359613  0.0359613  0.0359613  0.0359613  0.0359613  0.0359613  0.0359613  0.0359613  0.0359613  0.0359613  0.0359613  0.0359613  0.0912006
0.4  0.0377626  0.0377626  0.0377626  0.0377626  0.0377626  0.0377626  0.0377626  0.0377626  0.0377626  0.0377626  0.0377626  0.0377626  0.0955499
0.42  0.0416779  0.0416779  0.0416779  0.0416779  0.0416779  0.0416779  0.0416779  0.0416779  0.0416779  0.0416779  0.0416779  0.0416779  0.105014
0.44  0.0460667  0.0460667  0.0460667  0.0460667  0.0460667  0.0460667  0.0460667  0.0460667  0.0460667  0.0460667  0.0460667  0.0460667  0.115641
0.46  0.0510074  0.0510074  0.0510074  0.0510074  0.0510074  0.0510074  0.0510074  0.0510074  0.0510074  0.0510074  0.0510074  0.0510074  0.127625
0.48  0.0565933  0.0565933  0.0565933  0.0565933  0.0565933  0.0565933  0.0565933  0.0565933  0.0565933  0.0565933  0.0565933  0.0565933  0.141192
0.5  0.0629349  0.0629349  0.0629349  0.0629349  0.0629349  0.0629349  0.0629349  0.0629349  0.0629349  0.0629349  0.0629349  0.0629349  0.156614
0.55  0.0830316  0.0830316  0.0830316  0.0830316  0.0830316  0.0830316  0.0830316  0.0830316  0.0830316  0.0830316  0.0830316  0.0830316  0.205536
0.6  0.111711  0.111711  0.111711  0.111711  0.111711  0.111711  0.111711  0.111711  0.111711  0.111711  0.111711  0.111711  0.275279
0.7  0.218494  0.218494  0.218494  0.218494  0.218494  0.218494  0.218494  0.218494  0.218494  0.218494  0.218494  0.218494  0.532757
0.8  0.502154  0.502154  0.502154  0.502154  0.502154  0.502154  0.502154  0.502154  0.502154  0.502154  0.502154  0.502154  1.20341
0.85  0.850196  0.850196  0.850196  0.850196  0.850196  0.850196  0.850196  0.850196  0.850196  0.850196  0.850196  0.850196  2.01276
0.9  1.67154  1.67154  1.67154  1.67154  1.67154  1.67154  1.67154  1.67154  1.67154  1.67154  1.67154  1.67154  3.89923
0.91  1.97272  1.97272  1.97272  1.97272  1.97272  1.97272  1.97272  1.97272  1.97272  1.97272  1.97272  1.97272  4.58686
0.92  2.3645  2.3645  2.3645  2.3645  2.3645  2.3645  2.3645  2.3645  2.3645  2.3645  2.3645  2.3645  5.47943
0.93  2.89002  2.89002  2.89002  2.89002  2.89002  2.89002  2.89002  2.89002  2.89002  2.89002  2.89002  2.89002  6.67426
0.94  3.62349  3.62349  3.62349  3.62349  3.62349  3.62349  3.62349  3.62349  3.62349  3.62349  3.62349  3.62349  8.33867
0.95  4.7032  4.7032  4.7032  4.7032  4.7032  4.7032  4.7032  4.7032  4.7032  4.7032  4.7032  4.7032  10.7843
0.96  6.41685  6.41685  6.41685  6.41685  6.41685  6.41685  6.41685  6.41685  6.41685  6.41685  6.41685  6.41685  14.6595
0.97  9.46787  9.46787  9.46787  9.46787  9.46787  9.46787  9.46787  9.46787  9.46787  9.46787  9.46787  9.46787  21.5485
0.98  16.0942  16.0942  16.0942  16.0942  16.0942  16.0942  16.0942  16.0942  16.0942  16.0942  16.0942  16.0942  36.4902
0.99  38.4884  38.4884  38.4884  38.4884  38.4884  38.4884  38.4884  38.4884  38.4884  38.4884  38.4884  38.4884  86.9291
0.999  539.307  539.307  539.307  539.307  539.307  539.307  539.307  539.307  539.307  539.307  539.307  539.307  1213.92
0.9999  1244.11  1244.11  1244.11  1244.11  1244.11  1244.11  1244.11  1244.11  1244.11  1244.11  1244.11  1244.11  2799.54
