1e-05  0.0025025  0.0025025  0.0025025  0.0025025  0.0025025  0.0025025  0.0025025  0.0025025  0.0025025  0.0025025  0.0025025  0.0025025  0.00563003
0.0001  0.00250243  0.00250243  0.00250243  0.00250243  0.00250243  0.00250243  0.00250243  0.00250243  0.00250243  0.00250243  0.00250243  0.00250243  0.00563436
0.001  0.00255134  0.00255134  0.00255134  0.00255134  0.00255134  0.00255134  0.00255134  0.00255134  0.00255134  0.00255134  0.00255134  0.00255134  0.00578908
0.01  0.00686329  0.00686329  0.00686329  0.00686329  0.00686329  0.00686329  0.00686329  0.00686329  0.00686329  0.00686329  0.00686329  0.00686329  0.0159427
0.02  0.00744427  0.00744427  0.00744427  0.00744427  0.00744427  0.00744427  0.00744427  0.00744427  0.00744427  0.00744427  0.00744427  0.00744427  0.0177345
0.03  0.0080298  0.0080298  0.0080298  0.0080298  0.0080298  0.0080298  0.0080298  0.0080298  0.0080298  0.0080298  0.0080298  0.0080298  0.019519
0.04  0.00861927  0.00861927  0.00861927  0.00861927  0.00861927  0.00861927  0.00861927  0.00861927  0.00861927  0.00861927  0.00861927  0.00861927  0.0212957
0.05  0.00921295  0.00921295  0.00921295  0.00921295  0.00921295  0.00921295  0.00921295  0.00921295  0.00921295  0.00921295  0.00921295  0.00921295  0.0230655
0.06  0.00981138  0.00981138  0.00981138  0.00981138  0.00981138  0.00981138  0.00981138  0.00981138  0.00981138  0.00981138  0.00981138  0.00981138  0.0248303
0.07  0.0104152  0.0104152  0.0104152  0.0104152  0.0104152  0.0104152  0.0104152  0.0104152  0.0104152  0.0104152  0.0104152  0.0104152  0.0265921
0.08  0.0110252  0.0110252  0.0110252  0.0110252  0.0110252  0.0110252  0.0110252  0.0110252  0.0110252  0.0110252  0.0110252  0.0110252  0.0283533
0.09  0.0116422  0.0116422  0.0116422  0.0116422  0.0116422  0.0116422  0.0116422  0.0116422  0.0116422  0.0116422  0.0116422  0.0116422  0.0301164
0.1  0.0122671  0.0122671  0.0122671  0.0122671  0.0122671  0.0122671  0.0122671  0.0122671  0.0122671  0.0122671  0.0122671  0.0122671  0.0318839
0.11  0.0129008  0.0129008  0.0129008  0.0129008  0.0129008  0.0129008  0.0129008  0.0129008  0.0129008  0.0129008  0.0129008  0.0129008  0.0336589
0.12  0.0135444  0.0135444  0.0135444  0.0135444  0.0135444  0.0135444  0.0135444  0.0135444  0.0135444  0.0135444  0.0135444  0.0135444  0.0354443
0.13  0.0141991  0.0141991  0.0141991  0.0141991  0.0141991  0.0141991  0.0141991  0.0141991  0.0141991  0.0141991  0.0141991  0.0141991  0.0372432
0.14  0.0148659  0.0148659  0.0148659  0.0148659  0.0148659  0.0148659  0.0148659  0.0148659  0.0148659  0.0148659  0.0148659  0.0148659  0.0390593
0.15  0.0155461  0.0155461  0.0155461  0.0155461  0.0155461  0.0155461  0.0155461  0.0155461  0.0155461  0.0155461  0.0155461  0.0155461  0.0408959
0.16  0.0162411  0.0162411  0.0162411  0.0162411  0.0162411  0.0162411  0.0162411  0.0162411  0.0162411  0.0162411  0.0162411  0.0162411  0.0427571
0.17  0.0169524  0.0169524  0.0169524  0.0169524  0.0169524  0.0169524  0.0169524  0.0169524  0.0169524  0.0169524  0.0169524  0.0169524  0.0446468
0.18  0.0176813  0.0176813  0.0176813  0.0176813  0.0176813  0.0176813  0.0176813  0.0176813  0.0176813  0.0176813  0.0176813  0.0176813  0.0465693
0.19  0.0184296  0.0184296  0.0184296  0.0184296  0.0184296  0.0184296  0.0184296  0.0184296  0.0184296  0.0184296  0.0184296  0.0184296  0.0485293
0.2  0.0191989  0.0191989  0.0191989  0.0191989  0.0191989  0.0191989  0.0191989  0.0191989  0.0191989  0.0191989  0.0191989  0.0191989  0.0505316
0.21  0.0199911  0.0199911  0.0199911  0.0199911  0.0199911  0.0199911  0.0199911  0.0199911  0.0199911  0.0199911  0.0199911  0.0199911  0.0525812
0.22  0.0208082  0.0208082  0.0208082  0.0208082  0.0208082  0.0208082  0.0208082  0.0208082  0.0208082  0.0208082  0.0208082  0.0208082  0.0546837
0.23  0.0216523  0.0216523  0.0216523  0.0216523  0.0216523  0.0216523  0.0216523  0.0216523  0.0216523  0.0216523  0.0216523  0.0216523  0.0568449
0.24  0.0225255  0.0225255  0.0225255  0.0225255  0.0225255  0.0225255  0.0225255  0.0225255  0.0225255  0.0225255  0.0225255  0.0225255  0.0590709
0.25  0.0234303  0.0234303  0.0234303  0.0234303  0.0234303  0.0234303  0.0234303  0.0234303  0.0234303  0.0234303  0.0234303  0.0234303  0.0613682
0.26  0.0243692  0.0243692  0.0243692  0.0243692  0.0243692  0.0243692  0.0243692  0.0243692  0.0243692  0.0243692  0.0243692  0.0243692  0.0637437
0.27  0.025345  0.025345  0.025345  0.025345  0.025345  0.025345  0.025345  0.025345  0.025345  0.025345  0.025345  0.025345  0.066205
0.28  0.0263605  0.0263605  0.0263605  0.0263605  0.0263605  0.0263605  0.0263605  0.0263605  0.0263605  0.0263605  0.0263605  0.0263605  0.0687598
0.29  0.027419  0.027419  0.027419  0.027419  0.027419  0.027419  0.027419  0.027419  0.027419  0.027419  0.027419  0.027419  0.0714166
0.3  0.0285236  0.0285236  0.0285236  0.0285236  0.0285236  0.0285236  0.0285236  0.0285236  0.0285236  0.0285236  0.0285236  0.0285236  0.0741843
0.31  0.0296781  0.0296781  0.0296781  0.0296781  0.0296781  0.0296781  0.0296781  0.0296781  0.0296781  0.0296781  0.0296781  0.0296781  0.0770724
0.32  0.0308863  0.0308863  0.0308863  0.0308863  0.0308863  0.0308863  0.0308863  0.0308863  0.0308863  0.0308863  0.0308863  0.0308863  0.0800911
0.33  0.0321522  0.0321522  0.0321522  0.0321522  0.0321522  0.0321522  0.0321522  0.0321522  0.0321522  0.0321522  0.0321522  0.0321522  0.0832513
0.34  0.0334804  0.0334804  0.0334804  0.0334804  0.0334804  0.0334804  0.0334804  0.0334804  0.0334804  0.0334804  0.0334804  0.0334804  0.0865646
0.35  0.0348755  0.0348755  0.0348755  0.0348755  0.0348755  0.0348755  0.0348755  0.0348755  0.0348755  0.0348755  0.0348755  0.0348755  0.0900436
0.36  0.0363428  0.0363428  0.0363428  0.0363428  0.0363428  0.0363428  0.0363428  0.0363428  0.0363428  0.0363428  0.0363428  0.0363428  0.0937014
0.37  0.0378878  0.0378878  0.0378878  0.0378878  0.0378878  0.0378878  0.0378878  0.0378878  0.0378878  0.0378878  0.0378878  0.0378878  0.0975526
0.38  0.0395164  0.0395164  0.0395164  0.0395164  0.0395164  0.0395164  0.0395164  0.0395164  0.0395164  0.0395164  0.0395164  0.0395164  0.101612
0.39  0.041235  0.041235  0.041235  0.041235  0.041235  0.041235  0.041235  0.041235  0.041235  0.041235  0.041235  0.041235  0.105897
0.4  0.0430506  0.0430506  0.0430506  0.0430506  0.0430506  0.0430506  0.0430506  0.0430506  0.0430506  0.0430506  0.0430506  0.0430506  0.110425
0.42  0.0470035  0.0470035  0.0470035  0.0470035  0.0470035  0.0470035  0.0470035  0.0470035  0.0470035  0.0470035  0.0470035  0.0470035  0.120287
0.44  0.0514428  0.0514428  0.0514428  0.0514428  0.0514428  0.0514428  0.0514428  0.0514428  0.0514428  0.0514428  0.0514428  0.0514428  0.131369
0.46  0.0564485  0.0564485  0.0564485  0.0564485  0.0564485  0.0564485  0.0564485  0.0564485  0.0564485  0.0564485  0.0564485  0.0564485  0.143872
0.48  0.0621149  0.0621149  0.0621149  0.0621149  0.0621149  0.0621149  0.0621149  0.0621149  0.0621149  0.0621149  0.0621149  0.0621149  0.158031
0.5  0.0685543  0.0685543  0.0685543  0.0685543  0.0685543  0.0685543  0.0685543  0.0685543  0.0685543  0.0685543  0.0685543  0.0685543  0.174124
0.55  0.0889839  0.0889839  0.0889839  0.0889839  0.0889839  0.0889839  0.0889839  0.0889839  0.0889839  0.0889839  0.0889839  0.0889839  0.225132
0.6  0.118155  0.118155  0.118155  0.118155  0.118155  0.118155  0.118155  0.118155  0.118155  0.118155  0.118155  0.118155  0.297711
0.7  0.226671  0.226671  0.226671  0.226671  0.226671  0.226671  0.226671  0.226671  0.226671  0.226671  0.226671  0.226671  0.564462
0.8  0.514123  0.514123  0.514123  0.514123  0.514123  0.514123  0.514123  0.514123  0.514123  0.514123  0.514123  0.514123  1.25446
0.85  0.865924  0.865924  0.865924  0.865924  0.865924  0.865924  0.865924  0.865924  0.865924  0.865924  0.865924  0.865924  2.08264
0.9  1.6943  1.6943  1.6943  1.6943  1.6943  1.6943  1.6943  1.6943  1.6943  1.6943  1.6943  1.6943  4.00402
0.91  1.99767  1.99767  1.99767  1.99767  1.99767  1.99767  1.99767  1.99767  1.99767  1.99767  1.99767  1.99767  4.70249
0.92  2.39208  2.39208  2.39208  2.39208  2.39208  2.39208  2.39208  2.39208  2.39208  2.39208  2.39208  2.39208  5.60806
0.93  2.92084  2.92084  2.92084  2.92084  2.92084  2.92084  2.92084  2.92084  2.92084  2.92084  2.92084  2.92084  6.8188
0.94  3.65837  3.65837  3.65837  3.65837  3.65837  3.65837  3.65837  3.65837  3.65837  3.65837  3.65837  3.65837  8.50311
0.95  4.74331  4.74331  4.74331  4.74331  4.74331  4.74331  4.74331  4.74331  4.74331  4.74331  4.74331  4.74331  10.9744
0.96  6.46397  6.46397  6.46397  6.46397  6.46397  6.46397  6.46397  6.46397  6.46397  6.46397  6.46397  6.46397  14.8836
0.97  9.52477  9.52477  9.52477  9.52477  9.52477  9.52477  9.52477  9.52477  9.52477  9.52477  9.52477  9.52477  21.8194
0.98  16.165  16.165  16.165  16.165  16.165  16.165  16.165  16.165  16.165  16.165  16.165  16.165  36.8261
0.99  38.5703  38.5703  38.5703  38.5703  38.5703  38.5703  38.5703  38.5703  38.5703  38.5703  38.5703  38.5703  87.3032
0.999  537.64  537.64  537.64  537.64  537.64  537.64  537.64  537.64  537.64  537.64  537.64  537.64  1205.09
0.9999  1235.63  1235.63  1235.63  1235.63  1235.63  1235.63  1235.63  1235.63  1235.63  1235.63  1235.63  1235.63  2755.89
