1e-05  1.19455  1.19455  4.17644  4.17644  4.17644  4.17644  4.17644  4.17644  4.17644  4.17644  4.17644  4.17644  9.10827
0.0001  0.84288  0.84288  3.18544  3.18544  3.18544  3.18544  3.18544  3.18544  3.18544  3.18544  3.18544  3.18544  6.93361
0.001  0.573262  0.573262  2.38488  2.38488  2.38488  2.38488  2.38488  2.38488  2.38488  2.38488  2.38488  2.38488  5.18294
0.01  0.375408  0.375408  1.99924  1.99924  1.99924  1.99924  1.99924  1.99924  1.99924  1.99924  1.99924  1.99924  4.3117
0.02  0.319475  0.319475  1.78984  1.78984  1.78984  1.78984  1.78984  1.78984  1.78984  1.78984  1.78984  1.78984  3.85919
0.03  0.289473  0.289473  1.67205  1.67205  1.67205  1.67205  1.67205  1.67205  1.67205  1.67205  1.67205  1.67205  3.60747
0.04  0.269359  0.269359  1.58991  1.58991  1.58991  1.58991  1.58991  1.58991  1.58991  1.58991  1.58991  1.58991  3.4342
0.05  0.254421  0.254421  1.52674  1.52674  1.52674  1.52674  1.52674  1.52674  1.52674  1.52674  1.52674  1.52674  3.30288
0.06  0.242652  0.242652  1.47533  1.47533  1.47533  1.47533  1.47533  1.47533  1.47533  1.47533  1.47533  1.47533  3.19777
0.07  0.233016  0.233016  1.43195  1.43195  1.43195  1.43195  1.43195  1.43195  1.43195  1.43195  1.43195  1.43195  3.11065
0.08  0.224913  0.224913  1.39441  1.39441  1.39441  1.39441  1.39441  1.39441  1.39441  1.39441  1.39441  1.39441  3.03675
0.09  0.217966  0.217966  1.36133  1.36133  1.36133  1.36133  1.36133  1.36133  1.36133  1.36133  1.36133  1.36133  2.97302
0.1  0.211921  0.211921  1.33177  1.33177  1.33177  1.33177  1.33177  1.33177  1.33177  1.33177  1.33177  1.33177  2.91741
0.11  0.206605  0.206605  1.3051  1.3051  1.3051  1.3051  1.3051  1.3051  1.3051  1.3051  1.3051  1.3051  2.8685
0.12  0.201888  0.201888  1.28082  1.28082  1.28082  1.28082  1.28082  1.28082  1.28082  1.28082  1.28082  1.28082  2.82523
0.13  0.197676  0.197676  1.25858  1.25858  1.25858  1.25858  1.25858  1.25858  1.25858  1.25858  1.25858  1.25858  2.78684
0.14  0.193898  0.193898  1.23812  1.23812  1.23812  1.23812  1.23812  1.23812  1.23812  1.23812  1.23812  1.23812  2.75271
0.15  0.190496  0.190496  1.21922  1.21922  1.21922  1.21922  1.21922  1.21922  1.21922  1.21922  1.21922  1.21922  2.72239
0.16  0.187428  0.187428  1.20171  1.20171  1.20171  1.20171  1.20171  1.20171  1.20171  1.20171  1.20171  1.20171  2.69551
0.17  0.184658  0.184658  1.18546  1.18546  1.18546  1.18546  1.18546  1.18546  1.18546  1.18546  1.18546  1.18546  2.67176
0.18  0.182158  0.182158  1.17035  1.17035  1.17035  1.17035  1.17035  1.17035  1.17035  1.17035  1.17035  1.17035  2.65091
0.19  0.179905  0.179905  1.15629  1.15629  1.15629  1.15629  1.15629  1.15629  1.15629  1.15629  1.15629  1.15629  2.63278
0.2  0.177879  0.177879  1.14322  1.14322  1.14322  1.14322  1.14322  1.14322  1.14322  1.14322  1.14322  1.14322  2.61718
0.21  0.176067  0.176067  1.13107  1.13107  1.13107  1.13107  1.13107  1.13107  1.13107  1.13107  1.13107  1.13107  2.60401
0.22  0.174454  0.174454  1.11979  1.11979  1.11979  1.11979  1.11979  1.11979  1.11979  1.11979  1.11979  1.11979  2.59315
0.23  0.173032  0.173032  1.10933  1.10933  1.10933  1.10933  1.10933  1.10933  1.10933  1.10933  1.10933  1.10933  2.58451
0.24  0.171792  0.171792  1.09966  1.09966  1.09966  1.09966  1.09966  1.09966  1.09966  1.09966  1.09966  1.09966  2.57802
0.25  0.170728  0.170728  1.09075  1.09075  1.09075  1.09075  1.09075  1.09075  1.09075  1.09075  1.09075  1.09075  2.57362
0.26  0.169834  0.169834  1.08258  1.08258  1.08258  1.08258  1.08258  1.08258  1.08258  1.08258  1.08258  1.08258  2.57127
0.27  0.169107  0.169107  1.07513  1.07513  1.07513  1.07513  1.07513  1.07513  1.07513  1.07513  1.07513  1.07513  2.57094
0.28  0.168545  0.168545  1.06838  1.06838  1.06838  1.06838  1.06838  1.06838  1.06838  1.06838  1.06838  1.06838  2.57259
0.29  0.168145  0.168145  1.06231  1.06231  1.06231  1.06231  1.06231  1.06231  1.06231  1.06231  1.06231  1.06231  2.57622
0.3  0.167907  0.167907  1.05693  1.05693  1.05693  1.05693  1.05693  1.05693  1.05693  1.05693  1.05693  1.05693  2.5818
0.31  0.167832  0.167832  1.05222  1.05222  1.05222  1.05222  1.05222  1.05222  1.05222  1.05222  1.05222  1.05222  2.58935
0.32  0.16792  0.16792  1.04818  1.04818  1.04818  1.04818  1.04818  1.04818  1.04818  1.04818  1.04818  1.04818  2.59886
0.33  0.168174  0.168174  1.04481  1.04481  1.04481  1.04481  1.04481  1.04481  1.04481  1.04481  1.04481  1.04481  2.61033
0.34  0.168596  0.168596  1.04211  1.04211  1.04211  1.04211  1.04211  1.04211  1.04211  1.04211  1.04211  1.04211  2.6238
0.35  0.16919  0.16919  1.04009  1.04009  1.04009  1.04009  1.04009  1.04009  1.04009  1.04009  1.04009  1.04009  2.63928
0.36  0.16996  0.16996  1.03875  1.03875  1.03875  1.03875  1.03875  1.03875  1.03875  1.03875  1.03875  1.03875  2.65678
0.37  0.170911  0.170911  1.03809  1.03809  1.03809  1.03809  1.03809  1.03809  1.03809  1.03809  1.03809  1.03809  2.67635
0.38  0.172049  0.172049  1.03814  1.03814  1.03814  1.03814  1.03814  1.03814  1.03814  1.03814  1.03814  1.03814  2.69803
0.39  0.17338  0.17338  1.03889  1.03889  1.03889  1.03889  1.03889  1.03889  1.03889  1.03889  1.03889  1.03889  2.72184
0.4  0.174913  0.174913  1.04037  1.04037  1.04037  1.04037  1.04037  1.04037  1.04037  1.04037  1.04037  1.04037  2.74785
0.42  0.178617  0.178617  1.04558  1.04558  1.04558  1.04558  1.04558  1.04558  1.04558  1.04558  1.04558  1.04558  2.80663
0.44  0.183241  0.183241  1.05391  1.05391  1.05391  1.05391  1.05391  1.05391  1.05391  1.05391  1.05391  1.05391  2.87487
0.46  0.188882  0.188882  1.06557  1.06557  1.06557  1.06557  1.06557  1.06557  1.06557  1.06557  1.06557  1.06557  2.95313
0.48  0.195659  0.195659  1.08079  1.08079  1.08079  1.08079  1.08079  1.08079  1.08079  1.08079  1.08079  1.08079  3.04208
0.5  0.203713  0.203713  1.09987  1.09987  1.09987  1.09987  1.09987  1.09987  1.09987  1.09987  1.09987  1.09987  3.14253
0.55  0.230658  0.230658  1.16694  1.16694  1.16694  1.16694  1.16694  1.16694  1.16694  1.16694  1.16694  1.16694  3.45041
0.6  0.27062  0.27062  1.2682  1.2682  1.2682  1.2682  1.2682  1.2682  1.2682  1.2682  1.2682  1.2682  3.85568
0.7  0.420084  0.420084  1.63048  1.63048  1.63048  1.63048  1.63048  1.63048  1.63048  1.63048  1.63048  1.63048  5.09129
0.8  0.800588  0.800588  2.4407  2.4407  2.4407  2.4407  2.4407  2.4407  2.4407  2.4407  2.4407  2.4407  7.38248
0.85  1.24556  1.24556  3.26932  3.26932  3.26932  3.26932  3.26932  3.26932  3.26932  3.26932  3.26932  3.26932  9.39887
0.9  2.24814  2.24814  4.89942  4.89942  4.89942  4.89942  4.89942  4.89942  4.89942  4.89942  4.89942  4.89942  12.8455
0.91  2.60559  2.60559  5.43124  5.43124  5.43124  5.43124  5.43124  5.43124  5.43124  5.43124  5.43124  5.43124  13.8695
0.92  3.06489  3.06489  6.08793  6.08793  6.08793  6.08793  6.08793  6.08793  6.08793  6.08793  6.08793  6.08793  15.0829
0.93  3.67288  3.67288  6.91978  6.91978  6.91978  6.91978  6.91978  6.91978  6.91978  6.91978  6.91978  6.91978  16.5514
0.94  4.50926  4.50926  8.00885  8.00885  8.00885  8.00885  8.00885  8.00885  8.00885  8.00885  8.00885  8.00885  18.3778
0.95  5.72073  5.72073  9.49931  9.49931  9.49931  9.49931  9.49931  9.49931  9.49931  9.49931  9.49931  9.49931  20.7337
0.96  7.6084  7.6084  11.6711  11.6711  11.6711  11.6711  11.6711  11.6711  11.6711  11.6711  11.6711  11.6711  23.9339
0.97  10.8964  10.8964  15.1533  15.1533  15.1533  15.1533  15.1533  15.1533  15.1533  15.1533  15.1533  15.1533  28.6364
0.98  17.8411  17.8411  21.739  21.739  21.739  21.739  21.739  21.739  21.739  21.739  21.739  21.739  36.5428
0.99  40.3574  40.3574  39.6654  39.6654  39.6654  39.6654  39.6654  39.6654  39.6654  39.6654  39.6654  39.6654  54.3527
0.999  492.546  492.546  252.562  252.562  252.562  252.562  252.562  252.562  252.562  252.562  252.562  252.562  167.977
0.9999  1025.21  1025.21  307.572  307.572  307.572  307.572  307.572  307.572  307.572  307.572  307.572  307.572  110.58
