1e-05  -15.7591  -15.7591  -83.7681  -83.7681  -83.7681  -83.7681  -83.7681  -83.7681  -83.7681  -83.7681  -83.7681  -83.7681  -179.989
0.0001  -9.41624  -9.41624  -57.2197  -57.2197  -57.2197  -57.2197  -57.2197  -57.2197  -57.2197  -57.2197  -57.2197  -57.2197  -122.364
0.001  -5.25197  -5.25197  -38.1091  -38.1091  -38.1091  -38.1091  -38.1091  -38.1091  -38.1091  -38.1091  -38.1091  -38.1091  -80.6696
0.01  -0.629549  -0.629549  -2.45516  -2.45516  -2.45516  -2.45516  -2.45516  -2.45516  -2.45516  -2.45516  -2.45516  -2.45516  -5.34833
0.02  -0.5618  -0.5618  -2.25087  -2.25087  -2.25087  -2.25087  -2.25087  -2.25087  -2.25087  -2.25087  -2.25087  -2.25087  -4.89784
0.03  -0.523176  -0.523176  -2.13134  -2.13134  -2.13134  -2.13134  -2.13134  -2.13134  -2.13134  -2.13134  -2.13134  -2.13134  -4.63589
0.04  -0.495817  -0.495817  -2.04499  -2.04499  -2.04499  -2.04499  -2.04499  -2.04499  -2.04499  -2.04499  -2.04499  -2.04499  -4.44883
0.05  -0.474404  -0.474404  -1.97633  -1.97633  -1.97633  -1.97633  -1.97633  -1.97633  -1.97633  -1.97633  -1.97633  -1.97633  -4.30244
0.06  -0.45665  -0.45665  -1.91865  -1.91865  -1.91865  -1.91865  -1.91865  -1.91865  -1.91865  -1.91865  -1.91865  -1.91865  -4.18184
0.07  -0.441365  -0.441365  -1.86844  -1.86844  -1.86844  -1.86844  -1.86844  -1.86844  -1.86844  -1.86844  -1.86844  -1.86844  -4.07926
0.08  -0.427857  -0.427857  -1.82366  -1.82366  -1.82366  -1.82366  -1.82366  -1.82366  -1.82366  -1.82366  -1.82366  -1.82366  -3.99013
0.09  -0.415685  -0.415685  -1.78299  -1.78299  -1.78299  -1.78299  -1.78299  -1.78299  -1.78299  -1.78299  -1.78299  -1.78299  -3.91154
0.1  -0.404554  -0.404554  -1.74557  -1.74557  -1.74557  -1.74557  -1.74557  -1.74557  -1.74557  -1.74557  -1.74557  -1.74557  -3.84151
0.11  -0.394256  -0.394256  -1.71077  -1.71077  -1.71077  -1.71077  -1.71077  -1.71077  -1.71077  -1.71077  -1.71077  -1.71077  -3.77867
0.12  -0.38464  -0.38464  -1.67813  -1.67813  -1.67813  -1.67813  -1.67813  -1.67813  -1.67813  -1.67813  -1.67813  -1.67813  -3.72198
0.13  -0.375591  -0.375591  -1.64733  -1.64733  -1.64733  -1.64733  -1.64733  -1.64733  -1.64733  -1.64733  -1.64733  -1.64733  -3.67069
0.14  -0.367021  -0.367021  -1.6181  -1.6181  -1.6181  -1.6181  -1.6181  -1.6181  -1.6181  -1.6181  -1.6181  -1.6181  -3.6242
0.15  -0.358859  -0.358859  -1.59022  -1.59022  -1.59022  -1.59022  -1.59022  -1.59022  -1.59022  -1.59022  -1.59022  -1.59022  -3.58205
0.16  -0.351051  -0.351051  -1.56354  -1.56354  -1.56354  -1.56354  -1.56354  -1.56354  -1.56354  -1.56354  -1.56354  -1.56354  -3.54388
0.17  -0.34355  -0.34355  -1.53792  -1.53792  -1.53792  -1.53792  -1.53792  -1.53792  -1.53792  -1.53792  -1.53792  -1.53792  -3.50938
0.18  -0.336318  -0.336318  -1.51325  -1.51325  -1.51325  -1.51325  -1.51325  -1.51325  -1.51325  -1.51325  -1.51325  -1.51325  -3.47831
0.19  -0.329324  -0.329324  -1.48943  -1.48943  -1.48943  -1.48943  -1.48943  -1.48943  -1.48943  -1.48943  -1.48943  -1.48943  -3.45048
0.2  -0.322538  -0.322538  -1.46639  -1.46639  -1.46639  -1.46639  -1.46639  -1.46639  -1.46639  -1.46639  -1.46639  -1.46639  -3.42571
0.21  -0.315939  -0.315939  -1.44406  -1.44406  -1.44406  -1.44406  -1.44406  -1.44406  -1.44406  -1.44406  -1.44406  -1.44406  -3.40389
0.22  -0.309504  -0.309504  -1.42238  -1.42238  -1.42238  -1.42238  -1.42238  -1.42238  -1.42238  -1.42238  -1.42238  -1.42238  -3.38489
0.23  -0.303216  -0.303216  -1.4013  -1.4013  -1.4013  -1.4013  -1.4013  -1.4013  -1.4013  -1.4013  -1.4013  -1.4013  -3.36863
0.24  -0.297058  -0.297058  -1.38078  -1.38078  -1.38078  -1.38078  -1.38078  -1.38078  -1.38078  -1.38078  -1.38078  -1.38078  -3.35503
0.25  -0.291015  -0.291015  -1.36078  -1.36078  -1.36078  -1.36078  -1.36078  -1.36078  -1.36078  -1.36078  -1.36078  -1.36078  -3.34403
0.26  -0.285074  -0.285074  -1.34126  -1.34126  -1.34126  -1.34126  -1.34126  -1.34126  -1.34126  -1.34126  -1.34126  -1.34126  -3.33559
0.27  -0.279221  -0.279221  -1.32219  -1.32219  -1.32219  -1.32219  -1.32219  -1.32219  -1.32219  -1.32219  -1.32219  -1.32219  -3.32967
0.28  -0.273446  -0.273446  -1.30355  -1.30355  -1.30355  -1.30355  -1.30355  -1.30355  -1.30355  -1.30355  -1.30355  -1.30355  -3.32625
0.29  -0.267736  -0.267736  -1.28531  -1.28531  -1.28531  -1.28531  -1.28531  -1.28531  -1.28531  -1.28531  -1.28531  -1.28531  -3.32532
0.3  -0.262081  -0.262081  -1.26745  -1.26745  -1.26745  -1.26745  -1.26745  -1.26745  -1.26745  -1.26745  -1.26745  -1.26745  -3.32686
0.31  -0.25647  -0.25647  -1.24994  -1.24994  -1.24994  -1.24994  -1.24994  -1.24994  -1.24994  -1.24994  -1.24994  -1.24994  -3.33089
0.32  -0.250895  -0.250895  -1.23276  -1.23276  -1.23276  -1.23276  -1.23276  -1.23276  -1.23276  -1.23276  -1.23276  -1.23276  -3.33741
0.33  -0.245344  -0.245344  -1.21591  -1.21591  -1.21591  -1.21591  -1.21591  -1.21591  -1.21591  -1.21591  -1.21591  -1.21591  -3.34645
0.34  -0.239807  -0.239807  -1.19936  -1.19936  -1.19936  -1.19936  -1.19936  -1.19936  -1.19936  -1.19936  -1.19936  -1.19936  -3.35802
0.35  -0.234276  -0.234276  -1.18309  -1.18309  -1.18309  -1.18309  -1.18309  -1.18309  -1.18309  -1.18309  -1.18309  -1.18309  -3.37216
0.36  -0.228741  -0.228741  -1.16709  -1.16709  -1.16709  -1.16709  -1.16709  -1.16709  -1.16709  -1.16709  -1.16709  -1.16709  -3.38892
0.37  -0.22319  -0.22319  -1.15135  -1.15135  -1.15135  -1.15135  -1.15135  -1.15135  -1.15135  -1.15135  -1.15135  -1.15135  -3.40834
0.38  -0.217615  -0.217615  -1.13584  -1.13584  -1.13584  -1.13584  -1.13584  -1.13584  -1.13584  -1.13584  -1.13584  -1.13584  -3.43048
0.39  -0.212004  -0.212004  -1.12057  -1.12057  -1.12057  -1.12057  -1.12057  -1.12057  -1.12057  -1.12057  -1.12057  -1.12057  -3.45541
0.4  -0.206346  -0.206346  -1.10552  -1.10552  -1.10552  -1.10552  -1.10552  -1.10552  -1.10552  -1.10552  -1.10552  -1.10552  -3.48318
0.42  -0.194845  -0.194845  -1.076  -1.076  -1.076  -1.076  -1.076  -1.076  -1.076  -1.076  -1.076  -1.076  -3.54764
0.44  -0.183014  -0.183014  -1.04721  -1.04721  -1.04721  -1.04721  -1.04721  -1.04721  -1.04721  -1.04721  -1.04721  -1.04721  -3.62459
0.46  -0.170745  -0.170745  -1.01903  -1.01903  -1.01903  -1.01903  -1.01903  -1.01903  -1.01903  -1.01903  -1.01903  -1.01903  -3.71497
0.48  -0.157913  -0.157913  -0.991385  -0.991385  -0.991385  -0.991385  -0.991385  -0.991385  -0.991385  -0.991385  -0.991385  -0.991385  -3.81984
0.5  -0.144377  -0.144377  -0.964167  -0.964167  -0.964167  -0.964167  -0.964167  -0.964167  -0.964167  -0.964167  -0.964167  -0.964167  -3.94052
0.55  -0.106303  -0.106303  -0.897309  -0.897309  -0.897309  -0.897309  -0.897309  -0.897309  -0.897309  -0.897309  -0.897309  -0.897309  -4.3221
0.6  -0.0591816  -0.0591816  -0.83063  -0.83063  -0.83063  -0.83063  -0.83063  -0.83063  -0.83063  -0.83063  -0.83063  -0.83063  -4.84575
0.7  0.0891321  0.0891321  -0.68704  -0.68704  -0.68704  -0.68704  -0.68704  -0.68704  -0.68704  -0.68704  -0.68704  -0.68704  -6.5579
0.8  0.430362  0.430362  -0.493882  -0.493882  -0.493882  -0.493882  -0.493882  -0.493882  -0.493882  -0.493882  -0.493882  -0.493882  -10.0965
0.85  0.820591  0.820591  -0.345655  -0.345655  -0.345655  -0.345655  -0.345655  -0.345655  -0.345655  -0.345655  -0.345655  -0.345655  -13.5316
0.9  1.69993  1.69993  -0.10756  -0.10756  -0.10756  -0.10756  -0.10756  -0.10756  -0.10756  -0.10756  -0.10756  -0.10756  -19.9872
0.91  2.01458  2.01458  -0.0392986  -0.0392986  -0.0392986  -0.0392986  -0.0392986  -0.0392986  -0.0392986  -0.0392986  -0.0392986  -0.0392986  -22.0331
0.92  2.41981  2.41981  0.0401782  0.0401782  0.0401782  0.0401782  0.0401782  0.0401782  0.0401782  0.0401782  0.0401782  0.0401782  -24.5284
0.93  2.95767  2.95767  0.134185  0.134185  0.134185  0.134185  0.134185  0.134185  0.134185  0.134185  0.134185  0.134185  -27.6475
0.94  3.69992  3.69992  0.247447  0.247447  0.247447  0.247447  0.247447  0.247447  0.247447  0.247447  0.247447  0.247447  -31.6728
0.95  4.77909  4.77909  0.38683  0.38683  0.38683  0.38683  0.38683  0.38683  0.38683  0.38683  0.38683  0.38683  -37.0956
0.96  6.46814  6.46814  0.562235  0.562235  0.562235  0.562235  0.562235  0.562235  0.562235  0.562235  0.562235  0.562235  -44.8611
0.97  9.42627  9.42627  0.785881  0.785881  0.785881  0.785881  0.785881  0.785881  0.785881  0.785881  0.785881  0.785881  -57.0719
0.98  15.7179  15.7179  1.05179  1.05179  1.05179  1.05179  1.05179  1.05179  1.05179  1.05179  1.05179  1.05179  -79.6552
0.99  36.3221  36.3221  1.00337  1.00337  1.00337  1.00337  1.00337  1.00337  1.00337  1.00337  1.00337  1.00337  -139.535
0.999  327.911  327.911  -171.534  -171.534  -171.534  -171.534  -171.534  -171.534  -171.534  -171.534  -171.534  -171.534  -1240.08
0.9999  -6687.42  -6687.42  -8004.04  -8004.04  -8004.04  -8004.04  -8004.04  -8004.04  -8004.04  -8004.04  -8004.04  -8004.04  -23813.1
