1e-05  -5.89747  -5.89747  -10.1706  -10.1706  -10.1706  -10.1706  -10.1706  -10.1706  -10.1706  -10.1706  -10.1706  -10.1706  -22.569
0.0001  -4.94866  -4.94866  -8.941  -8.941  -8.941  -8.941  -8.941  -8.941  -8.941  -8.941  -8.941  -8.941  -19.827
0.001  -4.12697  -4.12697  -7.85178  -7.85178  -7.85178  -7.85178  -7.85178  -7.85178  -7.85178  -7.85178  -7.85178  -7.85178  -17.3743
0.01  -0.0432029  -0.0432029  -0.00844345  -0.00844345  -0.00844345  -0.00844345  -0.00844345  -0.00844345  -0.00844345  -0.00844345  -0.00844345  -0.00844345  -0.0193798
0.02  -0.0428377  -0.0428377  -0.00939118  -0.00939118  -0.00939118  -0.00939118  -0.00939118  -0.00939118  -0.00939118  -0.00939118  -0.00939118  -0.00939118  -0.0203272
0.03  -0.0420928  -0.0420928  -0.00950901  -0.00950901  -0.00950901  -0.00950901  -0.00950901  -0.00950901  -0.00950901  -0.00950901  -0.00950901  -0.00950901  -0.0195583
0.04  -0.0411923  -0.0411923  -0.00927882  -0.00927882  -0.00927882  -0.00927882  -0.00927882  -0.00927882  -0.00927882  -0.00927882  -0.00927882  -0.00927882  -0.0181305
0.05  -0.0402041  -0.0402041  -0.0088495  -0.0088495  -0.0088495  -0.0088495  -0.0088495  -0.0088495  -0.0088495  -0.0088495  -0.0088495  -0.0088495  -0.0163678
0.06  -0.0391573  -0.0391573  -0.00828663  -0.00828663  -0.00828663  -0.00828663  -0.00828663  -0.00828663  -0.00828663  -0.00828663  -0.00828663  -0.00828663  -0.014411
0.07  -0.0380669  -0.0380669  -0.0076247  -0.0076247  -0.0076247  -0.0076247  -0.0076247  -0.0076247  -0.0076247  -0.0076247  -0.0076247  -0.0076247  -0.0123331
0.08  -0.0369414  -0.0369414  -0.00688383  -0.00688383  -0.00688383  -0.00688383  -0.00688383  -0.00688383  -0.00688383  -0.00688383  -0.00688383  -0.00688383  -0.0101757
0.09  -0.0357859  -0.0357859  -0.00607653  -0.00607653  -0.00607653  -0.00607653  -0.00607653  -0.00607653  -0.00607653  -0.00607653  -0.00607653  -0.00607653  -0.00796419
0.1  -0.0346032  -0.0346032  -0.00521091  -0.00521091  -0.00521091  -0.00521091  -0.00521091  -0.00521091  -0.00521091  -0.00521091  -0.00521091  -0.00521091  -0.00571421
0.11  -0.0333952  -0.0333952  -0.00429231  -0.00429231  -0.00429231  -0.00429231  -0.00429231  -0.00429231  -0.00429231  -0.00429231  -0.00429231  -0.00429231  -0.00343563
0.12  -0.0321626  -0.0321626  -0.00332421  -0.00332421  -0.00332421  -0.00332421  -0.00332421  -0.00332421  -0.00332421  -0.00332421  -0.00332421  -0.00332421  -0.00113442
0.13  -0.0309058  -0.0309058  -0.0023088  -0.0023088  -0.0023088  -0.0023088  -0.0023088  -0.0023088  -0.0023088  -0.0023088  -0.0023088  -0.0023088  0.00118615
0.14  -0.0296245  -0.0296245  -0.00124735  -0.00124735  -0.00124735  -0.00124735  -0.00124735  -0.00124735  -0.00124735  -0.00124735  -0.00124735  -0.00124735  0.00352475
0.15  -0.0283182  -0.0283182  -0.000140395  -0.000140395  -0.000140395  -0.000140395  -0.000140395  -0.000140395  -0.000140395  -0.000140395  -0.000140395  -0.000140395  0.00588146
0.16  -0.0269859  -0.0269859  0.00101211  0.00101211  0.00101211  0.00101211  0.00101211  0.00101211  0.00101211  0.00101211  0.00101211  0.00101211  0.00825752
0.17  -0.0256265  -0.0256265  0.00221065  0.00221065  0.00221065  0.00221065  0.00221065  0.00221065  0.00221065  0.00221065  0.00221065  0.00221065  0.010655
0.18  -0.0242387  -0.0242387  0.00345611  0.00345611  0.00345611  0.00345611  0.00345611  0.00345611  0.00345611  0.00345611  0.00345611  0.00345611  0.0130768
0.19  -0.0228208  -0.0228208  0.00474975  0.00474975  0.00474975  0.00474975  0.00474975  0.00474975  0.00474975  0.00474975  0.00474975  0.00474975  0.0155264
0.2  -0.0213711  -0.0213711  0.00609309  0.00609309  0.00609309  0.00609309  0.00609309  0.00609309  0.00609309  0.00609309  0.00609309  0.00609309  0.0180078
0.21  -0.0198877  -0.0198877  0.00748798  0.00748798  0.00748798  0.00748798  0.00748798  0.00748798  0.00748798  0.00748798  0.00748798  0.00748798  0.0205254
0.22  -0.0183683  -0.0183683  0.00893653  0.00893653  0.00893653  0.00893653  0.00893653  0.00893653  0.00893653  0.00893653  0.00893653  0.00893653  0.0230843
0.23  -0.0168105  -0.0168105  0.0104411  0.0104411  0.0104411  0.0104411  0.0104411  0.0104411  0.0104411  0.0104411  0.0104411  0.0104411  0.0256897
0.24  -0.0152119  -0.0152119  0.0120043  0.0120043  0.0120043  0.0120043  0.0120043  0.0120043  0.0120043  0.0120043  0.0120043  0.0120043  0.0283476
0.25  -0.0135695  -0.0135695  0.0136291  0.0136291  0.0136291  0.0136291  0.0136291  0.0136291  0.0136291  0.0136291  0.0136291  0.0136291  0.0310639
0.26  -0.0118805  -0.0118805  0.0153185  0.0153185  0.0153185  0.0153185  0.0153185  0.0153185  0.0153185  0.0153185  0.0153185  0.0153185  0.0338454
0.27  -0.0101415  -0.0101415  0.0170761  0.0170761  0.0170761  0.0170761  0.0170761  0.0170761  0.0170761  0.0170761  0.0170761  0.0170761  0.036699
0.28  -0.00834921  -0.00834921  0.0189056  0.0189056  0.0189056  0.0189056  0.0189056  0.0189056  0.0189056  0.0189056  0.0189056  0.0189056  0.039632
0.29  -0.00649976  -0.00649976  0.0208109  0.0208109  0.0208109  0.0208109  0.0208109  0.0208109  0.0208109  0.0208109  0.0208109  0.0208109  0.0426523
0.3  -0.00458921  -0.00458921  0.0227963  0.0227963  0.0227963  0.0227963  0.0227963  0.0227963  0.0227963  0.0227963  0.0227963  0.0227963  0.045768
0.31  -0.00261327  -0.00261327  0.0248666  0.0248666  0.0248666  0.0248666  0.0248666  0.0248666  0.0248666  0.0248666  0.0248666  0.0248666  0.0489878
0.32  -0.000567322  -0.000567322  0.0270267  0.0270267  0.0270267  0.0270267  0.0270267  0.0270267  0.0270267  0.0270267  0.0270267  0.0270267  0.0523209
0.33  0.00155356  0.00155356  0.029282  0.029282  0.029282  0.029282  0.029282  0.029282  0.029282  0.029282  0.029282  0.029282  0.0557769
0.34  0.00375469  0.00375469  0.0316382  0.0316382  0.0316382  0.0316382  0.0316382  0.0316382  0.0316382  0.0316382  0.0316382  0.0316382  0.0593659
0.35  0.00604174  0.00604174  0.0341016  0.0341016  0.0341016  0.0341016  0.0341016  0.0341016  0.0341016  0.0341016  0.0341016  0.0341016  0.0630988
0.36  0.00842085  0.00842085  0.0366788  0.0366788  0.0366788  0.0366788  0.0366788  0.0366788  0.0366788  0.0366788  0.0366788  0.0366788  0.0669869
0.37  0.0108986  0.0108986  0.039377  0.039377  0.039377  0.039377  0.039377  0.039377  0.039377  0.039377  0.039377  0.039377  0.0710421
0.38  0.013482  0.013482  0.0422037  0.0422037  0.0422037  0.0422037  0.0422037  0.0422037  0.0422037  0.0422037  0.0422037  0.0422037  0.0752772
0.39  0.0161788  0.0161788  0.0451674  0.0451674  0.0451674  0.0451674  0.0451674  0.0451674  0.0451674  0.0451674  0.0451674  0.0451674  0.0797056
0.4  0.018997  0.018997  0.0482769  0.0482769  0.0482769  0.0482769  0.0482769  0.0482769  0.0482769  0.0482769  0.0482769  0.0482769  0.0843415
0.42  0.0250343  0.0250343  0.0549723  0.0549723  0.0549723  0.0549723  0.0549723  0.0549723  0.0549723  0.0549723  0.0549723  0.0549723  0.0942977
0.44  0.0316733  0.0316733  0.062376  0.062376  0.062376  0.062376  0.062376  0.062376  0.062376  0.062376  0.062376  0.062376  0.105279
0.46  0.0390074  0.0390074  0.0705883  0.0705883  0.0705883  0.0705883  0.0705883  0.0705883  0.0705883  0.0705883  0.0705883  0.0705883  0.117436
0.48  0.0471461  0.0471461  0.0797267  0.0797267  0.0797267  0.0797267  0.0797267  0.0797267  0.0797267  0.0797267  0.0797267  0.0797267  0.130941
0.5  0.0562188  0.0562188  0.0899295  0.0899295  0.0899295  0.0899295  0.0899295  0.0899295  0.0899295  0.0899295  0.0899295  0.0899295  0.145995
0.55  0.0840721  0.0840721  0.121245  0.121245  0.121245  0.121245  0.121245  0.121245  0.121245  0.121245  0.121245  0.121245  0.192005
0.6  0.122199  0.122199  0.1639  0.1639  0.1639  0.1639  0.1639  0.1639  0.1639  0.1639  0.1639  0.1639  0.254074
0.7  0.255771  0.255771  0.310712  0.310712  0.310712  0.310712  0.310712  0.310712  0.310712  0.310712  0.310712  0.310712  0.461595
0.8  0.585933  0.585933  0.661286  0.661286  0.661286  0.661286  0.661286  0.661286  0.661286  0.661286  0.661286  0.661286  0.927384
0.85  0.971434  0.971434  1.05809  1.05809  1.05809  1.05809  1.05809  1.05809  1.05809  1.05809  1.05809  1.05809  1.42429
0.9  1.84442  1.84442  1.9306  1.9306  1.9306  1.9306  1.9306  1.9306  1.9306  1.9306  1.9306  1.9306  2.4573
0.91  2.15687  2.15687  2.23719  2.23719  2.23719  2.23719  2.23719  2.23719  2.23719  2.23719  2.23719  2.23719  2.80768
0.92  2.55908  2.55908  2.62862  2.62862  2.62862  2.62862  2.62862  2.62862  2.62862  2.62862  2.62862  2.62862  3.24806
0.93  3.09254  3.09254  3.14314  3.14314  3.14314  3.14314  3.14314  3.14314  3.14314  3.14314  3.14314  3.14314  3.81692
0.94  3.8279  3.8279  3.84531  3.84531  3.84531  3.84531  3.84531  3.84531  3.84531  3.84531  3.84531  3.84531  4.57813
0.95  4.89545  4.89545  4.85312  4.85312  4.85312  4.85312  4.85312  4.85312  4.85312  4.85312  4.85312  4.85312  5.64594
0.96  6.56291  6.56291  6.40632  6.40632  6.40632  6.40632  6.40632  6.40632  6.40632  6.40632  6.40632  6.40632  7.24662
0.97  9.47508  9.47508  9.07467  9.07467  9.07467  9.07467  9.07467  9.07467  9.07467  9.07467  9.07467  9.07467  9.9004
0.98  15.6438  15.6438  14.6047  14.6047  14.6047  14.6047  14.6047  14.6047  14.6047  14.6047  14.6047  14.6047  15.1292
0.99  35.7056  35.7056  31.9779  31.9779  31.9779  31.9779  31.9779  31.9779  31.9779  31.9779  31.9779  31.9779  30.154
0.999  307.704  307.704  216.543  216.543  216.543  216.543  216.543  216.543  216.543  216.543  216.543  216.543  -153.339
0.9999  -6765.05  -6765.05  -7083.64  -7083.64  -7083.64  -7083.64  -7083.64  -7083.64  -7083.64  -7083.64  -7083.64  -7083.64  -22163.3
