1e-05  -4.58214  -4.58214  -4.58214  -4.58214  -4.58214  -4.58214  -4.58214  -4.58214  -4.58214  -4.58214  -4.58214  -4.58214  -10.2407
0.0001  -4.26546  -4.26546  -4.26546  -4.26546  -4.26546  -4.26546  -4.26546  -4.26546  -4.26546  -4.26546  -4.26546  -4.26546  -9.53081
0.001  -3.97223  -3.97223  -3.97223  -3.97223  -3.97223  -3.97223  -3.97223  -3.97223  -3.97223  -3.97223  -3.97223  -3.97223  -8.86558
0.01  0.0350738  0.0350738  0.0350738  0.0350738  0.0350738  0.0350738  0.0350738  0.0350738  0.0350738  0.0350738  0.0350738  0.0350738  0.0791427
0.02  0.0343908  0.0343908  0.0343908  0.0343908  0.0343908  0.0343908  0.0343908  0.0343908  0.0343908  0.0343908  0.0343908  0.0343908  0.0785531
0.03  0.034197  0.034197  0.034197  0.034197  0.034197  0.034197  0.034197  0.034197  0.034197  0.034197  0.034197  0.034197  0.0790069
0.04  0.0342135  0.0342135  0.0342135  0.0342135  0.0342135  0.0342135  0.0342135  0.0342135  0.0342135  0.0342135  0.0342135  0.0342135  0.0798848
0.05  0.0343534  0.0343534  0.0343534  0.0343534  0.0343534  0.0343534  0.0343534  0.0343534  0.0343534  0.0343534  0.0343534  0.0343534  0.080995
0.06  0.0345781  0.0345781  0.0345781  0.0345781  0.0345781  0.0345781  0.0345781  0.0345781  0.0345781  0.0345781  0.0345781  0.0345781  0.0822538
0.07  0.0348675  0.0348675  0.0348675  0.0348675  0.0348675  0.0348675  0.0348675  0.0348675  0.0348675  0.0348675  0.0348675  0.0348675  0.0836182
0.08  0.0352099  0.0352099  0.0352099  0.0352099  0.0352099  0.0352099  0.0352099  0.0352099  0.0352099  0.0352099  0.0352099  0.0352099  0.085064
0.09  0.0355982  0.0355982  0.0355982  0.0355982  0.0355982  0.0355982  0.0355982  0.0355982  0.0355982  0.0355982  0.0355982  0.0355982  0.0865768
0.1  0.0360279  0.0360279  0.0360279  0.0360279  0.0360279  0.0360279  0.0360279  0.0360279  0.0360279  0.0360279  0.0360279  0.0360279  0.0881484
0.11  0.0364962  0.0364962  0.0364962  0.0364962  0.0364962  0.0364962  0.0364962  0.0364962  0.0364962  0.0364962  0.0364962  0.0364962  0.089774
0.12  0.0370016  0.0370016  0.0370016  0.0370016  0.0370016  0.0370016  0.0370016  0.0370016  0.0370016  0.0370016  0.0370016  0.0370016  0.0914516
0.13  0.0375431  0.0375431  0.0375431  0.0375431  0.0375431  0.0375431  0.0375431  0.0375431  0.0375431  0.0375431  0.0375431  0.0375431  0.0931806
0.14  0.0381204  0.0381204  0.0381204  0.0381204  0.0381204  0.0381204  0.0381204  0.0381204  0.0381204  0.0381204  0.0381204  0.0381204  0.094962
0.15  0.0387338  0.0387338  0.0387338  0.0387338  0.0387338  0.0387338  0.0387338  0.0387338  0.0387338  0.0387338  0.0387338  0.0387338  0.0967976
0.16  0.0393838  0.0393838  0.0393838  0.0393838  0.0393838  0.0393838  0.0393838  0.0393838  0.0393838  0.0393838  0.0393838  0.0393838  0.0986902
0.17  0.0400713  0.0400713  0.0400713  0.0400713  0.0400713  0.0400713  0.0400713  0.0400713  0.0400713  0.0400713  0.0400713  0.0400713  0.100643
0.18  0.0407975  0.0407975  0.0407975  0.0407975  0.0407975  0.0407975  0.0407975  0.0407975  0.0407975  0.0407975  0.0407975  0.0407975  0.10266
0.19  0.0415638  0.0415638  0.0415638  0.0415638  0.0415638  0.0415638  0.0415638  0.0415638  0.0415638  0.0415638  0.0415638  0.0415638  0.104747
0.2  0.0423718  0.0423718  0.0423718  0.0423718  0.0423718  0.0423718  0.0423718  0.0423718  0.0423718  0.0423718  0.0423718  0.0423718  0.106907
0.21  0.0432233  0.0432233  0.0432233  0.0432233  0.0432233  0.0432233  0.0432233  0.0432233  0.0432233  0.0432233  0.0432233  0.0432233  0.109147
0.22  0.0441205  0.0441205  0.0441205  0.0441205  0.0441205  0.0441205  0.0441205  0.0441205  0.0441205  0.0441205  0.0441205  0.0441205  0.111472
0.23  0.0450656  0.0450656  0.0450656  0.0450656  0.0450656  0.0450656  0.0450656  0.0450656  0.0450656  0.0450656  0.0450656  0.0450656  0.11389
0.24  0.0460611  0.0460611  0.0460611  0.0460611  0.0460611  0.0460611  0.0460611  0.0460611  0.0460611  0.0460611  0.0460611  0.0460611  0.116406
0.25  0.0471098  0.0471098  0.0471098  0.0471098  0.0471098  0.0471098  0.0471098  0.0471098  0.0471098  0.0471098  0.0471098  0.0471098  0.119029
0.26  0.0482146  0.0482146  0.0482146  0.0482146  0.0482146  0.0482146  0.0482146  0.0482146  0.0482146  0.0482146  0.0482146  0.0482146  0.121767
0.27  0.0493786  0.0493786  0.0493786  0.0493786  0.0493786  0.0493786  0.0493786  0.0493786  0.0493786  0.0493786  0.0493786  0.0493786  0.124627
0.28  0.0506053  0.0506053  0.0506053  0.0506053  0.0506053  0.0506053  0.0506053  0.0506053  0.0506053  0.0506053  0.0506053  0.0506053  0.127619
0.29  0.0518984  0.0518984  0.0518984  0.0518984  0.0518984  0.0518984  0.0518984  0.0518984  0.0518984  0.0518984  0.0518984  0.0518984  0.130753
0.3  0.0532619  0.0532619  0.0532619  0.0532619  0.0532619  0.0532619  0.0532619  0.0532619  0.0532619  0.0532619  0.0532619  0.0532619  0.134039
0.31  0.0547  0.0547  0.0547  0.0547  0.0547  0.0547  0.0547  0.0547  0.0547  0.0547  0.0547  0.0547  0.137487
0.32  0.0562173  0.0562173  0.0562173  0.0562173  0.0562173  0.0562173  0.0562173  0.0562173  0.0562173  0.0562173  0.0562173  0.0562173  0.141109
0.33  0.0578188  0.0578188  0.0578188  0.0578188  0.0578188  0.0578188  0.0578188  0.0578188  0.0578188  0.0578188  0.0578188  0.0578188  0.144917
0.34  0.0595097  0.0595097  0.0595097  0.0595097  0.0595097  0.0595097  0.0595097  0.0595097  0.0595097  0.0595097  0.0595097  0.0595097  0.148925
0.35  0.0612958  0.0612958  0.0612958  0.0612958  0.0612958  0.0612958  0.0612958  0.0612958  0.0612958  0.0612958  0.0612958  0.0612958  0.153145
0.36  0.0631831  0.0631831  0.0631831  0.0631831  0.0631831  0.0631831  0.0631831  0.0631831  0.0631831  0.0631831  0.0631831  0.0631831  0.157594
0.37  0.0651783  0.0651783  0.0651783  0.0651783  0.0651783  0.0651783  0.0651783  0.0651783  0.0651783  0.0651783  0.0651783  0.0651783  0.162287
0.38  0.0672884  0.0672884  0.0672884  0.0672884  0.0672884  0.0672884  0.0672884  0.0672884  0.0672884  0.0672884  0.0672884  0.0672884  0.16724
0.39  0.069521  0.069521  0.069521  0.069521  0.069521  0.069521  0.069521  0.069521  0.069521  0.069521  0.069521  0.069521  0.172471
0.4  0.0718844  0.0718844  0.0718844  0.0718844  0.0718844  0.0718844  0.0718844  0.0718844  0.0718844  0.0718844  0.0718844  0.0718844  0.178
0.42  0.0770396  0.0770396  0.0770396  0.0770396  0.0770396  0.0770396  0.0770396  0.0770396  0.0770396  0.0770396  0.0770396  0.0770396  0.190034
0.44  0.0828338  0.0828338  0.0828338  0.0828338  0.0828338  0.0828338  0.0828338  0.0828338  0.0828338  0.0828338  0.0828338  0.0828338  0.203526
0.46  0.0893605  0.0893605  0.0893605  0.0893605  0.0893605  0.0893605  0.0893605  0.0893605  0.0893605  0.0893605  0.0893605  0.0893605  0.218685
0.48  0.0967295  0.0967295  0.0967295  0.0967295  0.0967295  0.0967295  0.0967295  0.0967295  0.0967295  0.0967295  0.0967295  0.0967295  0.235756
0.5  0.10507  0.10507  0.10507  0.10507  0.10507  0.10507  0.10507  0.10507  0.10507  0.10507  0.10507  0.10507  0.255024
0.55  0.131263  0.131263  0.131263  0.131263  0.131263  0.131263  0.131263  0.131263  0.131263  0.131263  0.131263  0.131263  0.315158
0.6  0.167977  0.167977  0.167977  0.167977  0.167977  0.167977  0.167977  0.167977  0.167977  0.167977  0.167977  0.167977  0.3985
0.7  0.299511  0.299511  0.299511  0.299511  0.299511  0.299511  0.299511  0.299511  0.299511  0.299511  0.299511  0.299511  0.689228
0.8  0.628789  0.628789  0.628789  0.628789  0.628789  0.628789  0.628789  0.628789  0.628789  0.628789  0.628789  0.628789  1.3826
0.85  1.01427  1.01427  1.01427  1.01427  1.01427  1.01427  1.01427  1.01427  1.01427  1.01427  1.01427  1.01427  2.16054
0.9  1.88715  1.88715  1.88715  1.88715  1.88715  1.88715  1.88715  1.88715  1.88715  1.88715  1.88715  1.88715  3.8562
0.91  2.19943  2.19943  2.19943  2.19943  2.19943  2.19943  2.19943  2.19943  2.19943  2.19943  2.19943  2.19943  4.44918
0.92  2.60131  2.60131  2.60131  2.60131  2.60131  2.60131  2.60131  2.60131  2.60131  2.60131  2.60131  2.60131  5.20486
0.93  3.13416  3.13416  3.13416  3.13416  3.13416  3.13416  3.13416  3.13416  3.13416  3.13416  3.13416  3.13416  6.19627
0.94  3.86843  3.86843  3.86843  3.86843  3.86843  3.86843  3.86843  3.86843  3.86843  3.86843  3.86843  3.86843  7.54665
0.95  4.93394  4.93394  4.93394  4.93394  4.93394  4.93394  4.93394  4.93394  4.93394  4.93394  4.93394  4.93394  9.48079
0.96  6.59736  6.59736  6.59736  6.59736  6.59736  6.59736  6.59736  6.59736  6.59736  6.59736  6.59736  6.59736  12.4548
0.97  9.5006  9.5006  9.5006  9.5006  9.5006  9.5006  9.5006  9.5006  9.5006  9.5006  9.5006  9.5006  17.5503
0.98  15.6451  15.6451  15.6451  15.6451  15.6451  15.6451  15.6451  15.6451  15.6451  15.6451  15.6451  15.6451  28.0714
0.99  35.6005  35.6005  35.6005  35.6005  35.6005  35.6005  35.6005  35.6005  35.6005  35.6005  35.6005  35.6005  60.9047
0.999  303.86  303.86  303.86  303.86  303.86  303.86  303.86  303.86  303.86  303.86  303.86  303.86  266.335
0.9999  -6779.56  -6779.56  -6779.56  -6779.56  -6779.56  -6779.56  -6779.56  -6779.56  -6779.56  -6779.56  -6779.56  -6779.56  -21055.2
