1e-05  0.559975  0.559975  1.19884  1.19884  1.19884  1.19884  1.19884  1.19884  1.19884  1.19884  1.19884  1.19884  2.64758
0.0001  0.450273  0.450273  1.0114  1.0114  1.0114  1.0114  1.0114  1.0114  1.0114  1.0114  1.0114  1.0114  2.23193
0.001  0.355248  0.355248  0.844696  0.844696  0.844696  0.844696  0.844696  0.844696  0.844696  0.844696  0.844696  0.844696  1.86418
0.01  0.308572  0.308572  0.922172  0.922172  0.922172  0.922172  0.922172  0.922172  0.922172  0.922172  0.922172  0.922172  2.02755
0.02  0.279353  0.279353  0.860259  0.860259  0.860259  0.860259  0.860259  0.860259  0.860259  0.860259  0.860259  0.860259  1.89361
0.03  0.262907  0.262907  0.823706  0.823706  0.823706  0.823706  0.823706  0.823706  0.823706  0.823706  0.823706  0.823706  1.8161
0.04  0.251496  0.251496  0.797283  0.797283  0.797283  0.797283  0.797283  0.797283  0.797283  0.797283  0.797283  0.797283  1.76127
0.05  0.242785  0.242785  0.776358  0.776358  0.776358  0.776358  0.776358  0.776358  0.776358  0.776358  0.776358  0.776358  1.71884
0.06  0.235761  0.235761  0.758905  0.758905  0.758905  0.758905  0.758905  0.758905  0.758905  0.758905  0.758905  0.758905  1.68434
0.07  0.229894  0.229894  0.743864  0.743864  0.743864  0.743864  0.743864  0.743864  0.743864  0.743864  0.743864  0.743864  1.6554
0.08  0.224873  0.224873  0.730608  0.730608  0.730608  0.730608  0.730608  0.730608  0.730608  0.730608  0.730608  0.730608  1.63064
0.09  0.220502  0.220502  0.718741  0.718741  0.718741  0.718741  0.718741  0.718741  0.718741  0.718741  0.718741  0.718741  1.60917
0.1  0.216648  0.216648  0.707994  0.707994  0.707994  0.707994  0.707994  0.707994  0.707994  0.707994  0.707994  0.707994  1.5904
0.11  0.213219  0.213219  0.698177  0.698177  0.698177  0.698177  0.698177  0.698177  0.698177  0.698177  0.698177  0.698177  1.57391
0.12  0.210148  0.210148  0.689155  0.689155  0.689155  0.689155  0.689155  0.689155  0.689155  0.689155  0.689155  0.689155  1.5594
0.13  0.207383  0.207383  0.680823  0.680823  0.680823  0.680823  0.680823  0.680823  0.680823  0.680823  0.680823  0.680823  1.54665
0.14  0.204888  0.204888  0.673104  0.673104  0.673104  0.673104  0.673104  0.673104  0.673104  0.673104  0.673104  0.673104  1.53548
0.15  0.202632  0.202632  0.665936  0.665936  0.665936  0.665936  0.665936  0.665936  0.665936  0.665936  0.665936  0.665936  1.52577
0.16  0.200592  0.200592  0.659272  0.659272  0.659272  0.659272  0.659272  0.659272  0.659272  0.659272  0.659272  0.659272  1.51741
0.17  0.198751  0.198751  0.653075  0.653075  0.653075  0.653075  0.653075  0.653075  0.653075  0.653075  0.653075  0.653075  1.51032
0.18  0.197094  0.197094  0.647313  0.647313  0.647313  0.647313  0.647313  0.647313  0.647313  0.647313  0.647313  0.647313  1.50445
0.19  0.195609  0.195609  0.641964  0.641964  0.641964  0.641964  0.641964  0.641964  0.641964  0.641964  0.641964  0.641964  1.49974
0.2  0.194287  0.194287  0.637006  0.637006  0.637006  0.637006  0.637006  0.637006  0.637006  0.637006  0.637006  0.637006  1.49615
0.21  0.193121  0.193121  0.632425  0.632425  0.632425  0.632425  0.632425  0.632425  0.632425  0.632425  0.632425  0.632425  1.49367
0.22  0.192106  0.192106  0.62821  0.62821  0.62821  0.62821  0.62821  0.62821  0.62821  0.62821  0.62821  0.62821  1.49227
0.23  0.191237  0.191237  0.624349  0.624349  0.624349  0.624349  0.624349  0.624349  0.624349  0.624349  0.624349  0.624349  1.49194
0.24  0.190511  0.190511  0.620838  0.620838  0.620838  0.620838  0.620838  0.620838  0.620838  0.620838  0.620838  0.620838  1.49267
0.25  0.189927  0.189927  0.617669  0.617669  0.617669  0.617669  0.617669  0.617669  0.617669  0.617669  0.617669  0.617669  1.49447
0.26  0.189484  0.189484  0.614842  0.614842  0.614842  0.614842  0.614842  0.614842  0.614842  0.614842  0.614842  0.614842  1.49732
0.27  0.189181  0.189181  0.612353  0.612353  0.612353  0.612353  0.612353  0.612353  0.612353  0.612353  0.612353  0.612353  1.50125
0.28  0.189018  0.189018  0.610204  0.610204  0.610204  0.610204  0.610204  0.610204  0.610204  0.610204  0.610204  0.610204  1.50626
0.29  0.188998  0.188998  0.608395  0.608395  0.608395  0.608395  0.608395  0.608395  0.608395  0.608395  0.608395  0.608395  1.51237
0.3  0.189122  0.189122  0.606929  0.606929  0.606929  0.606929  0.606929  0.606929  0.606929  0.606929  0.606929  0.606929  1.51959
0.31  0.189393  0.189393  0.60581  0.60581  0.60581  0.60581  0.60581  0.60581  0.60581  0.60581  0.60581  0.60581  1.52795
0.32  0.189813  0.189813  0.605043  0.605043  0.605043  0.605043  0.605043  0.605043  0.605043  0.605043  0.605043  0.605043  1.53747
0.33  0.190388  0.190388  0.604634  0.604634  0.604634  0.604634  0.604634  0.604634  0.604634  0.604634  0.604634  0.604634  1.54818
0.34  0.191121  0.191121  0.604591  0.604591  0.604591  0.604591  0.604591  0.604591  0.604591  0.604591  0.604591  0.604591  1.56012
0.35  0.192018  0.192018  0.604922  0.604922  0.604922  0.604922  0.604922  0.604922  0.604922  0.604922  0.604922  0.604922  1.5733
0.36  0.193084  0.193084  0.605637  0.605637  0.605637  0.605637  0.605637  0.605637  0.605637  0.605637  0.605637  0.605637  1.58778
0.37  0.194326  0.194326  0.606746  0.606746  0.606746  0.606746  0.606746  0.606746  0.606746  0.606746  0.606746  0.606746  1.6036
0.38  0.195752  0.195752  0.608262  0.608262  0.608262  0.608262  0.608262  0.608262  0.608262  0.608262  0.608262  0.608262  1.6208
0.39  0.197369  0.197369  0.610197  0.610197  0.610197  0.610197  0.610197  0.610197  0.610197  0.610197  0.610197  0.610197  1.63943
0.4  0.199186  0.199186  0.612568  0.612568  0.612568  0.612568  0.612568  0.612568  0.612568  0.612568  0.612568  0.612568  1.65954
0.42  0.203462  0.203462  0.618678  0.618678  0.618678  0.618678  0.618678  0.618678  0.618678  0.618678  0.618678  0.618678  1.70445
0.44  0.208667  0.208667  0.626741  0.626741  0.626741  0.626741  0.626741  0.626741  0.626741  0.626741  0.626741  0.626741  1.75604
0.46  0.21491  0.21491  0.63693  0.63693  0.63693  0.63693  0.63693  0.63693  0.63693  0.63693  0.63693  0.63693  1.81492
0.48  0.222316  0.222316  0.649453  0.649453  0.649453  0.649453  0.649453  0.649453  0.649453  0.649453  0.649453  0.649453  1.88177
0.5  0.231038  0.231038  0.664555  0.664555  0.664555  0.664555  0.664555  0.664555  0.664555  0.664555  0.664555  0.664555  1.9574
0.55  0.259881  0.259881  0.715631  0.715631  0.715631  0.715631  0.715631  0.715631  0.715631  0.715631  0.715631  0.715631  2.19147
0.6  0.302203  0.302203  0.791087  0.791087  0.791087  0.791087  0.791087  0.791087  0.791087  0.791087  0.791087  0.791087  2.50646
0.7  0.458725  0.458725  1.06241  1.06241  1.06241  1.06241  1.06241  1.06241  1.06241  1.06241  1.06241  1.06241  3.51925
0.8  0.85264  0.85264  1.69452  1.69452  1.69452  1.69452  1.69452  1.69452  1.69452  1.69452  1.69452  1.69452  5.59241
0.85  1.30978  1.30978  2.37307  2.37307  2.37307  2.37307  2.37307  2.37307  2.37307  2.37307  2.37307  2.37307  7.60436
0.9  2.33358  2.33358  3.77963  3.77963  3.77963  3.77963  3.77963  3.77963  3.77963  3.77963  3.77963  3.77963  11.4017
0.91  2.69735  2.69735  4.25524  4.25524  4.25524  4.25524  4.25524  4.25524  4.25524  4.25524  4.25524  4.25524  12.6096
0.92  3.16411  3.16411  4.85221  4.85221  4.85221  4.85221  4.85221  4.85221  4.85221  4.85221  4.85221  4.85221  14.0853
0.93  3.78107  3.78107  5.62238  5.62238  5.62238  5.62238  5.62238  5.62238  5.62238  5.62238  5.62238  5.62238  15.933
0.94  4.62842  4.62842  6.65194  6.65194  6.65194  6.65194  6.65194  6.65194  6.65194  6.65194  6.65194  6.65194  18.3214
0.95  5.85363  5.85363  8.09552  8.09552  8.09552  8.09552  8.09552  8.09552  8.09552  8.09552  8.09552  8.09552  21.5434
0.96  7.7589  7.7589  10.2609  10.2609  10.2609  10.2609  10.2609  10.2609  10.2609  10.2609  10.2609  10.2609  26.161
0.97  11.0698  11.0698  13.8618  13.8618  13.8618  13.8618  13.8618  13.8618  13.8618  13.8618  13.8618  13.8618  33.4171
0.98  18.0419  18.0419  21.0166  21.0166  21.0166  21.0166  21.0166  21.0166  21.0166  21.0166  21.0166  21.0166  46.7815
0.99  40.5459  40.5459  42.1114  42.1114  42.1114  42.1114  42.1114  42.1114  42.1114  42.1114  42.1114  42.1114  81.6832
0.999  487.044  487.044  364.407  364.407  364.407  364.407  364.407  364.407  364.407  364.407  364.407  364.407  445.706
0.9999  1001.75  1001.75  575.975  575.975  575.975  575.975  575.975  575.975  575.975  575.975  575.975  575.975  475.525
