1e-05  0  0  0.120187  0.120187  0.120187  0.120187  0.120187  0.120187  0.120187  0.120187  0.120197  0.120187  0.253249
0.0001  0  0  0.0726217  0.0726217  0.0726217  0.0726217  0.0726217  0.0726217  0.0726217  0.0726217  0.0727027  0.0726217  0.152123
0.001  0  0  0.0421681  0.0421681  0.0421681  0.0421681  0.0421681  0.0421681  0.0421681  0.0421681  0.0428106  0.0421681  0.0878241
0.01  0  0  0.022782  0.022782  0.022782  0.022782  0.022782  0.022782  0.022782  0.022782  0.0278356  0.022782  0.0484597
0.1  0  0  0.00932639  0.00932639  0.00932639  0.00932639  0.00932639  0.00932639  0.00932639  0.00932639  0.0511485  0.00932639  0.0281029
0.3  0  0  0.00414536  0.00414536  0.00414536  0.00414536  0.00414536  0.00414536  0.00414536  0.00414536  0.145364  0.00414536  0.0244677
0.5  0  0  0.00210805  0.00210805  0.00210805  0.00210805  0.00210805  0.00210805  0.00210805  0.00210805  0.314283  0.00210805  0.0242861
0.7  0  0  0.000916215  0.000916215  0.000916215  0.000916215  0.000916215  0.000916215  0.000916215  0.000916215  0.646865  0.000916215  0.023622
0.9  0  0  0.000161785  0.000161785  0.000161785  0.000161785  0.000161785  0.000161785  0.000161785  0.000161785  1.72229  0.000161785  0.0158444
0.95  0  0  5.1615e-05  5.1615e-05  5.1615e-05  5.1615e-05  5.1615e-05  5.1615e-05  5.1615e-05  5.1615e-05  2.76663  5.1615e-05  0.0106277
0.99  0  0  2.55722e-06  2.55722e-06  2.55722e-06  2.55722e-06  2.55722e-06  2.55722e-06  2.55722e-06  2.55722e-06  8.95212  2.55722e-06  0.00317176
0.999  0  0  1.34194e-08  1.34194e-08  1.34194e-08  1.34194e-08  1.34194e-08  1.34194e-08  1.34194e-08  1.34194e-08  8.51313  1.34194e-08  0.000151867
1  0  0  1.36618e-10  1.36617e-10  1.36618e-10  1.36617e-10  1.36618e-10  1.36617e-10  1.36618e-10  1.36617e-10  3.08322  1.36617e-10  6.00345e-06
