1e-05  0  0  7.38737e-21  7.38737e-21  7.38737e-21  7.38737e-21  7.38737e-21  7.38737e-21  7.38737e-21  7.38737e-21  2.98574e-15  7.38737e-21  1.11963e-15
0.0001  0  0  7.37541e-21  7.37541e-21  7.37541e-21  7.37541e-21  7.37541e-21  7.37541e-21  7.37541e-21  7.37541e-21  2.986e-14  7.37541e-21  1.11942e-14
0.001  0  0  7.29019e-21  7.29019e-21  7.29019e-21  7.29019e-21  7.29019e-21  7.29019e-21  7.29019e-21  7.29019e-21  2.98869e-13  7.29019e-21  1.1174e-13
0.01  0  0  6.77445e-21  6.77445e-21  6.77445e-21  6.77445e-21  6.77445e-21  6.77445e-21  6.77445e-21  6.77445e-21  3.01616e-12  6.77445e-21  1.09747e-12
0.1  0  0  4.57124e-21  4.57124e-21  4.57124e-21  4.57124e-21  4.57124e-21  4.57124e-21  4.57124e-21  4.57124e-21  3.35064e-11  4.57124e-21  9.18094e-12
0.3  0  0  2.70185e-21  2.70185e-21  2.70185e-21  2.70185e-21  2.70185e-21  2.70185e-21  2.70185e-21  2.70185e-21  9.30055e-11  2.70185e-21  1.29615e-11
0.5  0  0  1.72009e-21  1.72004e-21  1.72009e-21  1.72004e-21  1.72009e-21  1.72004e-21  1.72009e-21  1.72004e-21  2.49323e-10  1.72006e-21  1.86403e-11
0.7  0  0  1.03425e-21  1.03425e-21  1.03425e-21  1.03425e-21  1.03425e-21  1.03425e-21  1.03425e-21  1.03425e-21  5.81047e-10  1.0342e-21  2.52904e-11
0.9  0  0  3.80176e-22  3.80176e-22  3.80176e-22  3.80176e-22  3.80176e-22  3.80176e-22  3.80176e-22  3.80176e-22  2.60235e-09  3.80159e-22  4.30209e-11
0.95  0  0  1.92544e-22  1.92545e-22  1.92544e-22  1.92545e-22  1.92544e-22  1.92545e-22  1.92544e-22  1.92545e-22  5.98672e-09  1.92773e-22  5.01397e-11
0.99  0  0  1.05426e-17  3.50252e-24  1.05426e-17  3.50252e-24  1.05426e-17  3.50252e-24  1.05426e-17  3.50252e-24  0.552078  2.98783e-24  5.66122e-11
0.999  0  0  0  0  0  0  0  0  0  0  179.82  0  1.25903e-11
1  0  0  0  0  0  0  0  0  0  0  200  0  1.30184e-12
