1e-05  0.419137  0.419137  0.614143  0.614143  0.614143  0.614143  0.614143  0.614143  0.614143  0.614143  0.61417  0.614143  1.23562
0.0001  0.198045  0.198045  0.309195  0.309195  0.309195  0.309195  0.309195  0.309195  0.309195  0.309195  0.309394  0.309195  0.614457
0.001  0.0862596  0.0862596  0.146697  0.146697  0.146697  0.146697  0.146697  0.146697  0.146697  0.146697  0.148132  0.146697  0.287041
0.01  0.0331079  0.0331079  0.0632781  0.0632781  0.0632781  0.0632781  0.0632781  0.0632781  0.0632781  0.0632781  0.0733604  0.0632781  0.123503
0.1  0.00914503  0.00914503  0.0201177  0.0201177  0.0201177  0.0201177  0.0201177  0.0201177  0.0201177  0.0201177  0.0930014  0.0201177  0.0505705
0.3  0.00319004  0.00319004  0.0075459  0.0075459  0.0075459  0.0075459  0.0075459  0.0075459  0.0075459  0.0075459  0.230702  0.0075459  0.0346719
0.5  0.00134243  0.00134243  0.00331642  0.00331642  0.00331642  0.00331642  0.00331642  0.00331642  0.00331642  0.00331642  0.439491  0.00331642  0.0286029
0.7  0.000454917  0.000454917  0.0011781  0.0011781  0.0011781  0.0011781  0.0011781  0.0011781  0.0011781  0.0011781  0.768852  0.0011781  0.0216411
0.9  4.97918e-05  4.97918e-05  0.000139147  0.000139147  0.000139147  0.000139147  0.000139147  0.000139147  0.000139147  0.000139147  1.45793  0.000139147  0.00913596
0.95  1.20203e-05  1.20203e-05  3.4884e-05  3.4884e-05  3.4884e-05  3.4884e-05  3.4884e-05  3.4884e-05  3.4884e-05  3.4884e-05  1.89273  3.4884e-05  0.00474297
0.99  3.17121e-07  3.17121e-07  9.83724e-07  9.83724e-07  9.83724e-07  9.83724e-07  9.83724e-07  9.83724e-07  9.83724e-07  9.83724e-07  3.32305  9.83724e-07  0.000783453
0.999  8.00311e-10  8.00312e-10  2.61384e-09  2.61384e-09  2.61384e-09  2.61384e-09  2.61384e-09  2.61384e-09  2.61384e-09  2.61384e-09  1.33052  2.61384e-09  1.92729e-05
1  5.99407e-12  5.99434e-12  1.98499e-11  1.98499e-11  1.98499e-11  1.98499e-11  1.98499e-11  1.98499e-11  1.98499e-11  1.98499e-11  0.259802  1.98497e-11  5.03169e-07
