1e-05  21.3811  21.3811  34.8492  34.8492  34.8492  34.8492  34.8492  34.8492  34.8492  34.8492  34.8492  34.8492  68.5598
0.0001  8.92948  8.92948  15.9186  15.9186  15.9186  15.9186  15.9186  15.9186  15.9186  15.9186  15.9186  15.9186  30.7512
0.001  3.30917  3.30917  6.70563  6.70563  6.70563  6.70563  6.70563  6.70563  6.70563  6.70563  6.70563  6.70563  12.6184
0.01  1.01363  1.01363  2.51735  2.51735  2.51735  2.51735  2.51735  2.51735  2.51735  2.51735  2.51735  2.51735  4.53965
0.1  0.212829  0.212829  0.761911  0.761911  0.761911  0.761911  0.761911  0.761911  0.761911  0.761911  0.761911  0.761911  1.29253
0.3  0.0706492  0.0706492  0.33712  0.33712  0.33712  0.33712  0.33712  0.33712  0.33712  0.33712  0.33712  0.33712  0.657602
0.5  0.031654  0.031654  0.187113  0.187113  0.187113  0.187113  0.187113  0.187113  0.187113  0.187113  0.187113  0.187113  0.495502
0.7  0.0125695  0.0125695  0.0964879  0.0964879  0.0964879  0.0964879  0.0964879  0.0964879  0.0964879  0.0964879  0.0964879  0.0964879  0.388648
0.9  0.00211346  0.00211346  0.0288275  0.0288275  0.0288275  0.0288275  0.0288275  0.0288275  0.0288275  0.0288275  0.0288275  0.0288275  0.213693
0.95  0.000681334  0.000681334  0.0138209  0.0138209  0.0138209  0.0138209  0.0138209  0.0138209  0.0138209  0.0138209  0.0138209  0.0138209  0.134929
0.99  3.58077e-05  3.58077e-05  0.00214311  0.00214311  0.00214311  0.00214311  0.00214311  0.00214311  0.00214311  0.00214311  0.00214311  0.00214311  0.035418
0.999  2.02674e-07  2.02674e-07  5.20334e-05  5.20334e-05  5.20334e-05  5.20334e-05  5.20334e-05  5.20334e-05  5.20334e-05  5.20334e-05  5.20334e-05  5.20334e-05  0.00141997
1  2.39929e-09  2.39929e-09  1.3556e-06  1.3556e-06  1.3556e-06  1.3556e-06  1.3556e-06  1.3556e-06  1.3556e-06  1.3556e-06  1.3556e-06  1.3556e-06  5.16882e-05
