1e-05  -0.0125617  -0.0125617  -0.0345643  -0.0345643  -0.0345643  -0.0345643  -0.0345643  -0.0345643  -0.0347769  -0.0345643  -0.0345643  -0.0345643  -0.0759516
0.0001  -0.00963538  -0.00963538  -0.0276313  -0.0276313  -0.0276313  -0.0276313  -0.0276313  -0.0276313  -0.0295703  -0.0276313  -0.0276313  -0.0276313  -0.0613234
0.001  -0.00710607  -0.00710607  -0.0211487  -0.0211487  -0.0211487  -0.0211487  -0.0211487  -0.0211487  -0.0386872  -0.0211487  -0.0211487  -0.0211487  -0.0529347
0.01  -0.00481335  -0.00481335  -0.0146938  -0.0146938  -0.0146938  -0.0146938  -0.0146938  -0.0146938  -0.0229285  -0.0146938  -0.0146938  -0.0146938  -0.0354123
0.02  -0.00426616  -0.00426616  -0.013201  -0.013201  -0.013201  -0.013201  -0.013201  -0.013201  -0.0295308  -0.013201  -0.013201  -0.013201  -0.0350971
0.03  -0.00392725  -0.00392725  -0.012244  -0.012244  -0.012244  -0.012244  -0.012244  -0.012244  -0.0367379  -0.012244  -0.012244  -0.012244  -0.0357684
0.04  -0.00367471  -0.00367471  -0.0115154  -0.0115154  -0.0115154  -0.0115154  -0.0115154  -0.0115154  -0.044292  -0.0115154  -0.0115154  -0.0115154  -0.0367779
0.05  -0.00347059  -0.00347059  -0.0109174  -0.0109174  -0.0109174  -0.0109174  -0.0109174  -0.0109174  -0.0521237  -0.0109174  -0.0109174  -0.0109174  -0.0379286
0.06  -0.00329789  -0.00329789  -0.0104056  -0.0104056  -0.0104056  -0.0104056  -0.0104056  -0.0104056  -0.0602095  -0.0104056  -0.0104056  -0.0104056  -0.0391364
0.07  -0.00314747  -0.00314747  -0.00995574  -0.00995574  -0.00995574  -0.00995574  -0.00995574  -0.00995574  -0.0685424  -0.00995574  -0.00995574  -0.00995574  -0.0403588
0.08  -0.00301378  -0.00301378  -0.00955295  -0.00955295  -0.00955295  -0.00955295  -0.00955295  -0.00955295  -0.0771232  -0.00955295  -0.00955295  -0.00955295  -0.0415725
0.09  -0.00289321  -0.00289321  -0.00918742  -0.00918742  -0.00918742  -0.00918742  -0.00918742  -0.00918742  -0.0859567  -0.00918742  -0.00918742  -0.00918742  -0.0427641
0.1  -0.00278325  -0.00278325  -0.0088523  -0.0088523  -0.0088523  -0.0088523  -0.0088523  -0.0088523  -0.0950505  -0.0088523  -0.0088523  -0.0088523  -0.0439258
0.11  -0.00268208  -0.00268208  -0.0085426  -0.0085426  -0.0085426  -0.0085426  -0.0085426  -0.0085426  -0.104414  -0.0085426  -0.0085426  -0.0085426  -0.0450533
0.12  -0.00258835  -0.00258835  -0.00825451  -0.00825451  -0.00825451  -0.00825451  -0.00825451  -0.00825451  -0.114056  -0.00825451  -0.00825451  -0.00825451  -0.0461442
0.13  -0.002501  -0.002501  -0.00798512  -0.00798512  -0.00798512  -0.00798512  -0.00798512  -0.00798512  -0.12399  -0.00798512  -0.00798512  -0.00798512  -0.047198
0.14  -0.0024192  -0.0024192  -0.00773208  -0.00773208  -0.00773208  -0.00773208  -0.00773208  -0.00773208  -0.134227  -0.00773208  -0.00773208  -0.00773208  -0.0482148
0.15  -0.00234229  -0.00234229  -0.0074935  -0.0074935  -0.0074935  -0.0074935  -0.0074935  -0.0074935  -0.14478  -0.0074935  -0.0074935  -0.0074935  -0.0491956
0.16  -0.00226972  -0.00226972  -0.00726782  -0.00726782  -0.00726782  -0.00726782  -0.00726782  -0.00726782  -0.155664  -0.00726782  -0.00726782  -0.00726782  -0.0501418
0.17  -0.00220104  -0.00220104  -0.00705376  -0.00705376  -0.00705376  -0.00705376  -0.00705376  -0.00705376  -0.166892  -0.00705376  -0.00705376  -0.00705376  -0.0510552
0.18  -0.00213586  -0.00213586  -0.00685019  -0.00685019  -0.00685019  -0.00685019  -0.00685019  -0.00685019  -0.178481  -0.00685019  -0.00685019  -0.00685019  -0.0519377
0.19  -0.00207386  -0.00207386  -0.00665619  -0.00665619  -0.00665619  -0.00665619  -0.00665619  -0.00665619  -0.190445  -0.00665619  -0.00665619  -0.00665619  -0.0527915
0.2  -0.00201476  -0.00201476  -0.00647095  -0.00647095  -0.00647095  -0.00647095  -0.00647095  -0.00647095  -0.202802  -0.00647095  -0.00647095  -0.00647095  -0.053619
0.21  -0.00195832  -0.00195832  -0.00629375  -0.00629375  -0.00629375  -0.00629375  -0.00629375  -0.00629375  -0.215571  -0.00629375  -0.00629375  -0.00629375  -0.0544226
0.22  -0.00190432  -0.00190432  -0.00612398  -0.00612398  -0.00612398  -0.00612398  -0.00612398  -0.00612398  -0.228768  -0.00612398  -0.00612398  -0.00612398  -0.0552048
0.23  -0.00185258  -0.00185258  -0.00596109  -0.00596109  -0.00596109  -0.00596109  -0.00596109  -0.00596109  -0.242414  -0.00596109  -0.00596109  -0.00596109  -0.0559679
0.24  -0.00180294  -0.00180294  -0.00580458  -0.00580458  -0.00580458  -0.00580458  -0.00580458  -0.00580458  -0.256529  -0.00580458  -0.00580458  -0.00580458  -0.0567147
0.25  -0.00175523  -0.00175523  -0.00565402  -0.00565402  -0.00565402  -0.00565402  -0.00565402  -0.00565402  -0.271135  -0.00565402  -0.00565402  -0.00565402  -0.0574476
0.26  -0.00170934  -0.00170934  -0.00550902  -0.00550902  -0.00550902  -0.00550902  -0.00550902  -0.00550902  -0.286253  -0.00550902  -0.00550902  -0.00550902  -0.0581691
0.27  -0.00166515  -0.00166515  -0.00536923  -0.00536923  -0.00536923  -0.00536923  -0.00536923  -0.00536923  -0.301908  -0.00536923  -0.00536923  -0.00536923  -0.0588818
0.28  -0.00162253  -0.00162253  -0.00523431  -0.00523431  -0.00523431  -0.00523431  -0.00523431  -0.00523431  -0.318125  -0.00523431  -0.00523431  -0.00523431  -0.0595882
0.29  -0.0015814  -0.0015814  -0.00510397  -0.00510397  -0.00510397  -0.00510397  -0.00510397  -0.00510397  -0.334928  -0.00510397  -0.00510397  -0.00510397  -0.0602907
0.3  -0.00154167  -0.00154167  -0.00497794  -0.00497794  -0.00497794  -0.00497794  -0.00497794  -0.00497794  -0.352347  -0.00497794  -0.00497794  -0.00497794  -0.0609919
0.31  -0.00150325  -0.00150325  -0.00485597  -0.00485597  -0.00485597  -0.00485597  -0.00485597  -0.00485597  -0.37041  -0.00485597  -0.00485597  -0.00485597  -0.0616942
0.32  -0.00146606  -0.00146606  -0.00473783  -0.00473783  -0.00473783  -0.00473783  -0.00473783  -0.00473783  -0.389146  -0.00473783  -0.00473783  -0.00473783  -0.0623998
0.33  -0.00143004  -0.00143004  -0.0046233  -0.0046233  -0.0046233  -0.0046233  -0.0046233  -0.0046233  -0.408589  -0.0046233  -0.0046233  -0.0046233  -0.0631113
0.34  -0.00139512  -0.00139512  -0.00451219  -0.00451219  -0.00451219  -0.00451219  -0.00451219  -0.00451219  -0.428772  -0.00451219  -0.00451219  -0.00451219  -0.0638308
0.35  -0.00136124  -0.00136124  -0.00440431  -0.00440431  -0.00440431  -0.00440431  -0.00440431  -0.00440431  -0.449731  -0.00440431  -0.00440431  -0.00440431  -0.0645607
0.36  -0.00132834  -0.00132834  -0.00429948  -0.00429948  -0.00429948  -0.00429948  -0.00429948  -0.00429948  -0.471505  -0.00429948  -0.00429948  -0.00429948  -0.0653032
0.37  -0.00129636  -0.00129636  -0.00419755  -0.00419755  -0.00419755  -0.00419755  -0.00419755  -0.00419755  -0.494132  -0.00419755  -0.00419755  -0.00419755  -0.0660604
0.38  -0.00126527  -0.00126527  -0.00409836  -0.00409836  -0.00409836  -0.00409836  -0.00409836  -0.00409836  -0.517656  -0.00409836  -0.00409836  -0.00409836  -0.0668345
0.39  -0.001235  -0.001235  -0.00400177  -0.00400177  -0.00400177  -0.00400177  -0.00400177  -0.00400177  -0.542122  -0.00400177  -0.00400177  -0.00400177  -0.0676275
0.4  -0.00120553  -0.00120553  -0.00390764  -0.00390764  -0.00390764  -0.00390764  -0.00390764  -0.00390764  -0.567577  -0.00390764  -0.00390764  -0.00390764  -0.0684415
0.42  -0.00114877  -0.00114877  -0.00372624  -0.00372624  -0.00372624  -0.00372624  -0.00372624  -0.00372624  -0.621662  -0.00372624  -0.00372624  -0.00372624  -0.0701402
0.44  -0.00109469  -0.00109469  -0.00355321  -0.00355321  -0.00355321  -0.00355321  -0.00355321  -0.00355321  -0.68036  -0.00355321  -0.00355321  -0.00355321  -0.0719454
0.46  -0.001043  -0.001043  -0.00338769  -0.00338769  -0.00338769  -0.00338769  -0.00338769  -0.00338769  -0.74418  -0.00338769  -0.00338769  -0.00338769  -0.0738712
0.48  -0.000993461  -0.000993461  -0.00322889  -0.00322889  -0.00322889  -0.00322889  -0.00322889  -0.00322889  -0.813702  -0.00322889  -0.00322889  -0.00322889  -0.0759305
0.5  -0.000945831  -0.000945831  -0.00307609  -0.00307609  -0.00307609  -0.00307609  -0.00307609  -0.00307609  -0.889596  -0.00307609  -0.00307609  -0.00307609  -0.078135
0.55  -0.00083378  -0.00083378  -0.00271608  -0.00271608  -0.00271608  -0.00271608  -0.00271608  -0.00271608  -1.11258  -0.00271608  -0.00271608  -0.00271608  -0.0843477
0.6  -0.000729529  -0.000729529  -0.00238044  -0.00238044  -0.00238044  -0.00238044  -0.00238044  -0.00238044  -1.39666  -0.00238044  -0.00238044  -0.00238044  -0.0916544
0.7  -0.000535398  -0.000535398  -0.00175341  -0.00175341  -0.00175341  -0.00175341  -0.00175341  -0.00175341  -2.26198  -0.00175341  -0.00175341  -0.00175341  -0.109671
0.8  -0.000349541  -0.000349541  -0.00115007  -0.00115007  -0.00115007  -0.00115007  -0.00115007  -0.00115007  -3.97437  -0.00115007  -0.00115007  -0.00115007  -0.131141
0.85  -0.000257311  -0.000257311  -0.000849244  -0.000849244  -0.000849244  -0.000849244  -0.000849244  -0.000849244  -5.62921  -0.000849244  -0.000849244  -0.000849244  -0.14178
0.9  -0.0001656  -0.0001656  -0.000548854  -0.000548854  -0.000548854  -0.000548854  -0.000548854  -0.000548854  -8.78398  -0.000548854  -0.000548854  -0.000548854  -0.150227
0.91  -0.00014744  -0.00014744  -0.000489188  -0.000489188  -0.000489188  -0.000489188  -0.000489188  -0.000489188  -9.79886  -0.000489188  -0.000489188  -0.000489188  -0.151329
0.92  -0.000129395  -0.000129395  -0.000429823  -0.000429823  -0.000429823  -0.000429823  -0.000429823  -0.000429823  -11.0466  -0.000429823  -0.000429823  -0.000429823  -0.152106
0.93  -0.000111501  -0.000111501  -0.000370873  -0.000370873  -0.000370873  -0.000370873  -0.000370873  -0.000370873  -12.6211  -0.000370873  -0.000370873  -0.000370873  -0.152466
0.94  -9.38064e-05  -9.38064e-05  -0.000312488  -0.000312488  -0.000312488  -0.000312488  -0.000312488  -0.000312488  -14.6764  -0.000312488  -0.000312488  -0.000312488  -0.152281
0.95  -7.63754e-05  -7.63754e-05  -0.000254871  -0.000254871  -0.000254871  -0.000254871  -0.000254871  -0.000254871  -17.4841  -0.000254871  -0.000254871  -0.000254871  -0.151359
0.96  -5.92979e-05  -5.92979e-05  -0.000198302  -0.000198302  -0.000198302  -0.000198302  -0.000198302  -0.000198302  -21.5754  -0.000198302  -0.000198302  -0.000198302  -0.149399
0.97  -4.27061e-05  -4.27061e-05  -0.000143198  -0.000143198  -0.000143198  -0.000143198  -0.000143198  -0.000143198  -28.1569  -0.000143198  -0.000143198  -0.000143198  -0.145869
0.98  -2.68132e-05  -2.68132e-05  -9.02334e-05  -9.02334e-05  -9.02334e-05  -9.02334e-05  -9.02334e-05  -9.02334e-05  -40.7278  -9.02334e-05  -9.02334e-05  -9.02334e-05  -0.139666
0.99  -1.20336e-05  -1.20336e-05  -4.07272e-05  -4.07272e-05  -4.07272e-05  -4.07272e-05  -4.07272e-05  -4.07272e-05  -75.949  -4.07272e-05  -4.07272e-05  -4.07272e-05  -0.127608
0.999  -7.81324e-07  -7.81324e-07  -2.67304e-06  -2.67304e-06  -2.67304e-06  -2.67304e-06  -2.67304e-06  -2.67304e-06  -1103.45  -2.67304e-06  -2.67304e-06  -2.67304e-06  -0.0897823
0.9999  -3.03461e-08  -3.0346e-08  -9.99655e-08  -9.99658e-08  -9.99655e-08  -9.99658e-08  -9.99655e-08  -9.99658e-08  -32334.4  -9.99656e-08  -9.99655e-08  -9.99658e-08  -0.0360483
