1e-05  -0.00370203  -0.00370203  -0.00641702  -0.00641702  -0.00641702  -0.00641702  -0.00641702  -0.00641702  -0.00651952  -0.00641702  -0.00641702  -0.00641702  -0.0142671
0.0001  -0.00312788  -0.00312788  -0.00554894  -0.00554894  -0.00554894  -0.00554894  -0.00554894  -0.00554894  -0.00652147  -0.00554894  -0.00554894  -0.00554894  -0.012669
0.001  -0.00251231  -0.00251231  -0.00453713  -0.00453713  -0.00453713  -0.00453713  -0.00453713  -0.00453713  -0.0137322  -0.00453713  -0.00453713  -0.00453713  -0.0135381
0.01  -0.00179893  -0.00179893  -0.00326993  -0.00326993  -0.00326993  -0.00326993  -0.00326993  -0.00326993  -0.00592742  -0.00326993  -0.00326993  -0.00326993  -0.00846162
0.02  -0.00164548  -0.00164548  -0.0030119  -0.0030119  -0.0030119  -0.0030119  -0.0030119  -0.0030119  -0.00835006  -0.0030119  -0.0030119  -0.0030119  -0.00903236
0.03  -0.00154244  -0.00154244  -0.00283418  -0.00283418  -0.00283418  -0.00283418  -0.00283418  -0.00283418  -0.0109073  -0.00283418  -0.00283418  -0.00283418  -0.00972117
0.04  -0.0014617  -0.0014617  -0.00269286  -0.00269286  -0.00269286  -0.00269286  -0.00269286  -0.00269286  -0.0135641  -0.00269286  -0.00269286  -0.00269286  -0.0104365
0.05  -0.00139407  -0.00139407  -0.0025733  -0.0025733  -0.0025733  -0.0025733  -0.0025733  -0.0025733  -0.016312  -0.0025733  -0.0025733  -0.0025733  -0.0111501
0.06  -0.00133528  -0.00133528  -0.00246862  -0.00246862  -0.00246862  -0.00246862  -0.00246862  -0.00246862  -0.0191492  -0.00246862  -0.00246862  -0.00246862  -0.0118502
0.07  -0.00128296  -0.00128296  -0.00237493  -0.00237493  -0.00237493  -0.00237493  -0.00237493  -0.00237493  -0.0220764  -0.00237493  -0.00237493  -0.00237493  -0.0125309
0.08  -0.00123563  -0.00123563  -0.0022898  -0.0022898  -0.0022898  -0.0022898  -0.0022898  -0.0022898  -0.0250957  -0.0022898  -0.0022898  -0.0022898  -0.0131895
0.09  -0.0011923  -0.0011923  -0.00221159  -0.00221159  -0.00221159  -0.00221159  -0.00221159  -0.00221159  -0.02821  -0.00221159  -0.00221159  -0.00221159  -0.0138247
0.1  -0.00115228  -0.00115228  -0.00213913  -0.00213913  -0.00213913  -0.00213913  -0.00213913  -0.00213913  -0.0314226  -0.00213913  -0.00213913  -0.00213913  -0.0144362
0.11  -0.00111505  -0.00111505  -0.00207154  -0.00207154  -0.00207154  -0.00207154  -0.00207154  -0.00207154  -0.0347372  -0.00207154  -0.00207154  -0.00207154  -0.015024
0.12  -0.00108022  -0.00108022  -0.00200816  -0.00200816  -0.00200816  -0.00200816  -0.00200816  -0.00200816  -0.0381578  -0.00200816  -0.00200816  -0.00200816  -0.0155887
0.13  -0.00104748  -0.00104748  -0.00194847  -0.00194847  -0.00194847  -0.00194847  -0.00194847  -0.00194847  -0.0416888  -0.00194847  -0.00194847  -0.00194847  -0.016131
0.14  -0.00101659  -0.00101659  -0.00189204  -0.00189204  -0.00189204  -0.00189204  -0.00189204  -0.00189204  -0.0453347  -0.00189204  -0.00189204  -0.00189204  -0.0166517
0.15  -0.000987328  -0.000987328  -0.00183853  -0.00183853  -0.00183853  -0.00183853  -0.00183853  -0.00183853  -0.0491003  -0.00183853  -0.00183853  -0.00183853  -0.0171518
0.16  -0.000959545  -0.000959545  -0.00178764  -0.00178764  -0.00178764  -0.00178764  -0.00178764  -0.00178764  -0.0529907  -0.00178764  -0.00178764  -0.00178764  -0.0176325
0.17  -0.000933097  -0.000933097  -0.00173913  -0.00173913  -0.00173913  -0.00173913  -0.00173913  -0.00173913  -0.0570112  -0.00173913  -0.00173913  -0.00173913  -0.0180947
0.18  -0.000907862  -0.000907862  -0.0016928  -0.0016928  -0.0016928  -0.0016928  -0.0016928  -0.0016928  -0.0611673  -0.0016928  -0.0016928  -0.0016928  -0.0185397
0.19  -0.00088374  -0.00088374  -0.00164846  -0.00164846  -0.00164846  -0.00164846  -0.00164846  -0.00164846  -0.065465  -0.00164846  -0.00164846  -0.00164846  -0.0189686
0.2  -0.00086064  -0.00086064  -0.00160597  -0.00160597  -0.00160597  -0.00160597  -0.00160597  -0.00160597  -0.0699102  -0.00160597  -0.00160597  -0.00160597  -0.0193826
0.21  -0.000838486  -0.000838486  -0.00156517  -0.00156517  -0.00156517  -0.00156517  -0.00156517  -0.00156517  -0.0745093  -0.00156517  -0.00156517  -0.00156517  -0.019783
0.22  -0.000817207  -0.000817207  -0.00152596  -0.00152596  -0.00152596  -0.00152596  -0.00152596  -0.00152596  -0.0792692  -0.00152596  -0.00152596  -0.00152596  -0.0201709
0.23  -0.000796743  -0.000796743  -0.00148822  -0.00148822  -0.00148822  -0.00148822  -0.00148822  -0.00148822  -0.0841967  -0.00148822  -0.00148822  -0.00148822  -0.0205476
0.24  -0.000777039  -0.000777039  -0.00145186  -0.00145186  -0.00145186  -0.00145186  -0.00145186  -0.00145186  -0.0892993  -0.00145186  -0.00145186  -0.00145186  -0.0209143
0.25  -0.000758045  -0.000758045  -0.00141678  -0.00141678  -0.00141678  -0.00141678  -0.00141678  -0.00141678  -0.0945846  -0.00141678  -0.00141678  -0.00141678  -0.0212721
0.26  -0.000739719  -0.000739719  -0.00138292  -0.00138292  -0.00138292  -0.00138292  -0.00138292  -0.00138292  -0.100061  -0.00138292  -0.00138292  -0.00138292  -0.0216224
0.27  -0.000722018  -0.000722018  -0.0013502  -0.0013502  -0.0013502  -0.0013502  -0.0013502  -0.0013502  -0.105736  -0.0013502  -0.0013502  -0.0013502  -0.0219663
0.28  -0.000704907  -0.000704907  -0.00131854  -0.00131854  -0.00131854  -0.00131854  -0.00131854  -0.00131854  -0.11162  -0.00131854  -0.00131854  -0.00131854  -0.0223049
0.29  -0.000688351  -0.000688351  -0.0012879  -0.0012879  -0.0012879  -0.0012879  -0.0012879  -0.0012879  -0.117721  -0.0012879  -0.0012879  -0.0012879  -0.0226396
0.3  -0.000672319  -0.000672319  -0.00125822  -0.00125822  -0.00125822  -0.00125822  -0.00125822  -0.00125822  -0.12405  -0.00125822  -0.00125822  -0.00125822  -0.0229715
0.31  -0.000656782  -0.000656782  -0.00122944  -0.00122944  -0.00122944  -0.00122944  -0.00122944  -0.00122944  -0.130617  -0.00122944  -0.00122944  -0.00122944  -0.0233017
0.32  -0.000641714  -0.000641714  -0.00120152  -0.00120152  -0.00120152  -0.00120152  -0.00120152  -0.00120152  -0.137432  -0.00120152  -0.00120152  -0.00120152  -0.0236315
0.33  -0.000627089  -0.000627089  -0.0011744  -0.0011744  -0.0011744  -0.0011744  -0.0011744  -0.0011744  -0.144508  -0.0011744  -0.0011744  -0.0011744  -0.0239619
0.34  -0.000612884  -0.000612884  -0.00114806  -0.00114806  -0.00114806  -0.00114806  -0.00114806  -0.00114806  -0.151856  -0.00114806  -0.00114806  -0.00114806  -0.0242942
0.35  -0.000599078  -0.000599078  -0.00112245  -0.00112245  -0.00112245  -0.00112245  -0.00112245  -0.00112245  -0.159489  -0.00112245  -0.00112245  -0.00112245  -0.0246294
0.36  -0.000585649  -0.000585649  -0.00109752  -0.00109752  -0.00109752  -0.00109752  -0.00109752  -0.00109752  -0.167421  -0.00109752  -0.00109752  -0.00109752  -0.0249687
0.37  -0.00057258  -0.00057258  -0.00107326  -0.00107326  -0.00107326  -0.00107326  -0.00107326  -0.00107326  -0.175666  -0.00107326  -0.00107326  -0.00107326  -0.0253132
0.38  -0.00055985  -0.00055985  -0.00104962  -0.00104962  -0.00104962  -0.00104962  -0.00104962  -0.00104962  -0.184239  -0.00104962  -0.00104962  -0.00104962  -0.0256639
0.39  -0.000547444  -0.000547444  -0.00102658  -0.00102658  -0.00102658  -0.00102658  -0.00102658  -0.00102658  -0.193157  -0.00102658  -0.00102658  -0.00102658  -0.0260221
0.4  -0.000535344  -0.000535344  -0.00100409  -0.00100409  -0.00100409  -0.00100409  -0.00100409  -0.00100409  -0.202436  -0.00100409  -0.00100409  -0.00100409  -0.0263886
0.42  -0.000512001  -0.000512001  -0.000960707  -0.000960707  -0.000960707  -0.000960707  -0.000960707  -0.000960707  -0.222152  -0.000960707  -0.000960707  -0.000960707  -0.0271513
0.44  -0.000489707  -0.000489707  -0.000919247  -0.000919247  -0.000919247  -0.000919247  -0.000919247  -0.000919247  -0.243545  -0.000919247  -0.000919247  -0.000919247  -0.0279603
0.46  -0.000468353  -0.000468353  -0.000879518  -0.000879518  -0.000879518  -0.000879518  -0.000879518  -0.000879518  -0.266797  -0.000879518  -0.000879518  -0.000879518  -0.0288235
0.48  -0.000447841  -0.000447841  -0.000841339  -0.000841339  -0.000841339  -0.000841339  -0.000841339  -0.000841339  -0.292113  -0.000841339  -0.000841339  -0.000841339  -0.0297488
0.5  -0.00042808  -0.00042808  -0.000804543  -0.000804543  -0.000804543  -0.000804543  -0.000804543  -0.000804543  -0.319728  -0.000804543  -0.000804543  -0.000804543  -0.0307437
0.55  -0.000381412  -0.000381412  -0.000717589  -0.000717589  -0.000717589  -0.000717589  -0.000717589  -0.000717589  -0.400715  -0.000717589  -0.000717589  -0.000717589  -0.0335815
0.6  -0.000337715  -0.000337715  -0.000636095  -0.000636095  -0.000636095  -0.000636095  -0.000636095  -0.000636095  -0.503518  -0.000636095  -0.000636095  -0.000636095  -0.0370004
0.7  -0.00025519  -0.00025519  -0.000481944  -0.000481944  -0.000481944  -0.000481944  -0.000481944  -0.000481944  -0.813925  -0.000481944  -0.000481944  -0.000481944  -0.0458958
0.8  -0.000173626  -0.000173626  -0.000329133  -0.000329133  -0.000329133  -0.000329133  -0.000329133  -0.000329133  -1.41698  -0.000329133  -0.000329133  -0.000329133  -0.0577326
0.85  -0.000131582  -0.000131582  -0.000250104  -0.000250104  -0.000250104  -0.000250104  -0.000250104  -0.000250104  -1.98794  -0.000250104  -0.000250104  -0.000250104  -0.0645734
0.9  -8.81776e-05  -8.81776e-05  -0.00016825  -0.00016825  -0.00016825  -0.00016825  -0.00016825  -0.00016825  -3.05148  -0.00016825  -0.00016825  -0.00016825  -0.071568
0.91  -7.93292e-05  -7.93292e-05  -0.00015152  -0.00015152  -0.00015152  -0.00015152  -0.00015152  -0.00015152  -3.38796  -0.00015152  -0.00015152  -0.00015152  -0.0729058
0.92  -7.04312e-05  -7.04312e-05  -0.000134678  -0.000134678  -0.000134678  -0.000134678  -0.000134678  -0.000134678  -3.79845  -0.000134678  -0.000134678  -0.000134678  -0.0741902
0.93  -6.14898e-05  -6.14898e-05  -0.000117733  -0.000117733  -0.000117733  -0.000117733  -0.000117733  -0.000117733  -4.31196  -0.000117733  -0.000117733  -0.000117733  -0.075397
0.94  -5.25142e-05  -5.25142e-05  -0.000100699  -0.000100699  -0.000100699  -0.000100699  -0.000100699  -0.000100699  -4.97558  -0.000100699  -0.000100699  -0.000100699  -0.0764919
0.95  -4.35178e-05  -4.35178e-05  -8.35981e-05  -8.35981e-05  -8.35981e-05  -8.35981e-05  -8.35981e-05  -8.35981e-05  -5.87162  -8.35981e-05  -8.35981e-05  -8.35981e-05  -0.0774235
0.96  -3.45208e-05  -3.45208e-05  -6.6462e-05  -6.6462e-05  -6.6462e-05  -6.6462e-05  -6.6462e-05  -6.6462e-05  -7.15931  -6.6462e-05  -6.6462e-05  -6.6462e-05  -0.0781093
0.97  -2.55545e-05  -2.55545e-05  -4.93413e-05  -4.93413e-05  -4.93413e-05  -4.93413e-05  -4.93413e-05  -4.93413e-05  -9.19574  -4.93413e-05  -4.93413e-05  -4.93413e-05  -0.0784027
0.98  -1.66718e-05  -1.66718e-05  -3.23224e-05  -3.23224e-05  -3.23224e-05  -3.23224e-05  -3.23224e-05  -3.23224e-05  -13.0014  -3.23224e-05  -3.23224e-05  -3.23224e-05  -0.0779929
0.99  -7.98045e-06  -7.98045e-06  -1.55806e-05  -1.55806e-05  -1.55806e-05  -1.55806e-05  -1.55806e-05  -1.55806e-05  -23.3548  -1.55806e-05  -1.55806e-05  -1.55806e-05  -0.0759616
0.999  -6.34821e-07  -6.34821e-07  -1.26616e-06  -1.26616e-06  -1.26616e-06  -1.26616e-06  -1.26616e-06  -1.26616e-06  -688.542  -1.26616e-06  -1.26616e-06  -1.26616e-06  -0.0654182
0.9999  -2.85158e-08  -2.85159e-08  -5.68347e-08  -5.68347e-08  -5.68347e-08  -5.68347e-08  -5.68347e-08  -5.68347e-08  -31422.7  -5.68349e-08  -5.68347e-08  -5.68347e-08  -0.0305816
