1e-05  -3.82854e-20  -3.82275e-20  -3.82854e-20  -3.82275e-20  -3.82854e-20  -3.82275e-20  -3.82854e-20  -3.82275e-20  6.36619e-07  -3.81529e-20  -3.82854e-20  -3.82275e-20  -1.15843e-13
0.0001  -3.75529e-20  -3.74083e-20  -3.75529e-20  -3.74083e-20  -3.75529e-20  -3.74083e-20  -3.75529e-20  -3.74083e-20  6.36619e-06  -3.64672e-20  -3.75529e-20  -3.74083e-20  -1.15915e-12
0.001  -2.70431e-20  -3.57429e-20  -2.70431e-20  -3.57429e-20  -2.70431e-20  -3.57429e-20  -2.70431e-20  -3.57429e-20  6.3662e-05  -3.63735e-20  -2.70431e-20  -3.57429e-20  -1.15799e-11
0.01  -1.83052e-20  -1.83052e-20  -1.83052e-20  -1.83052e-20  -1.83052e-20  -1.83052e-20  -1.83052e-20  -1.83052e-20  0.000636713  0  -1.83052e-20  -1.83052e-20  -2.06207e-12
0.02  -1.00913e-20  -1.00913e-20  -1.00913e-20  -1.00913e-20  -1.00913e-20  -1.00913e-20  -1.00913e-20  -1.00913e-20  0.001274  0  -1.00913e-20  -1.00913e-20  -4.09456e-12
0.03  -1.93795e-20  -1.93795e-20  -1.93795e-20  -1.93795e-20  -1.93795e-20  -1.93795e-20  -1.93795e-20  -1.93795e-20  0.00191246  0  -1.93795e-20  -1.93795e-20  -6.06483e-12
0.04  3.201e-22  3.201e-22  3.201e-22  3.201e-22  3.201e-22  3.201e-22  3.201e-22  3.201e-22  0.00255273  0  3.201e-22  3.201e-22  -7.96783e-12
0.05  0  0  0  0  0  0  0  0  0.00319549  0  0  0  -9.80242e-12
0.06  0  0  0  0  0  0  0  0  0.00384146  0  0  0  -1.15689e-11
0.07  0  0  0  0  0  0  0  0  0.0044914  0  0  0  -1.32685e-11
0.08  0  0  0  0  0  0  0  0  0.00514613  0  0  0  -1.49025e-11
0.09  0  0  0  0  0  0  0  0  0.0058065  0  0  0  -1.64727e-11
0.1  -1.483e-21  -1.483e-21  -1.483e-21  -1.483e-21  -1.483e-21  -1.483e-21  -1.483e-21  -1.483e-21  0.00647342  0  -1.483e-21  -1.483e-21  -1.79811e-11
0.11  0  0  0  0  0  0  0  0  0.00714786  0  0  0  -1.94296e-11
0.12  0  0  0  0  0  0  0  0  0.00783086  0  0  0  -2.08205e-11
0.13  0  0  0  0  0  0  0  0  0.00852351  0  0  0  -2.21558e-11
0.14  0  0  0  0  0  0  0  0  0.00922697  0  0  0  -2.3438e-11
0.15  0  0  0  0  0  0  0  0  0.00994247  0  0  0  -2.46692e-11
0.16  0  0  0  0  0  0  0  0  0.0106713  0  0  0  -2.58519e-11
0.17  0  0  0  0  0  0  0  0  0.011415  0  0  0  -2.69883e-11
0.18  -6.78989e-21  -6.78989e-21  -6.78989e-21  -6.78989e-21  -6.78989e-21  -6.78989e-21  -6.78989e-21  -6.78989e-21  0.0121749  0  -6.78989e-21  -6.78989e-21  -2.8081e-11
0.19  0  0  0  0  0  0  0  0  0.0129526  0  0  0  -2.91324e-11
0.2  0  0  0  0  0  0  0  0  0.0137498  0  0  0  -3.01449e-11
0.21  0  0  0  0  0  0  0  0  0.0145684  0  0  0  -3.1121e-11
0.22  -2.27002e-20  -2.27002e-20  -2.27002e-20  -2.27002e-20  -2.27002e-20  -2.27002e-20  -2.27002e-20  -2.27002e-20  0.0154103  0  -2.27002e-20  -2.27002e-20  -3.20631e-11
0.23  0  0  0  0  0  0  0  0  0.0162774  0  0  0  -3.29739e-11
0.24  0  0  0  0  0  0  0  0  0.0171721  0  0  0  -3.38559e-11
0.25  -2.88607e-19  -2.88607e-19  -2.88607e-19  -2.88607e-19  -2.88607e-19  -2.88607e-19  -2.88607e-19  -2.88607e-19  0.0180966  0  -2.88607e-19  -2.88607e-19  -3.47115e-11
0.26  0  0  0  0  0  0  0  0  0.0190534  0  0  0  -3.55434e-11
0.27  0  0  0  0  0  0  0  0  0.0200453  0  0  0  -3.63541e-11
0.28  -2.88395e-19  -2.88395e-19  -2.88395e-19  -2.88395e-19  -2.88395e-19  -2.88395e-19  -2.88395e-19  -2.88395e-19  0.021075  0  -2.88395e-19  -2.88395e-19  -3.71462e-11
0.29  0  0  0  0  0  0  0  0  0.0221457  0  0  0  -3.79224e-11
0.3  0  0  0  0  0  0  0  0  0.0232606  0  0  0  -3.86852e-11
0.31  2.0947e-20  2.0947e-20  2.0947e-20  2.0947e-20  2.0947e-20  2.0947e-20  2.0947e-20  2.0947e-20  0.0244232  0  2.0947e-20  2.0947e-20  -3.94373e-11
0.32  0  0  0  0  0  0  0  0  0.0256373  0  0  0  -4.01812e-11
0.33  0  0  0  0  0  0  0  0  0.0269071  0  0  0  -4.09198e-11
0.34  0  0  0  0  0  0  0  0  0.0282367  0  0  0  -4.16556e-11
0.35  0  0  0  0  0  0  0  0  0.029631  0  0  0  -4.23913e-11
0.36  0  0  0  0  0  0  0  0  0.0310949  0  0  0  -4.31297e-11
0.37  0  0  0  0  0  0  0  0  0.032634  0  0  0  -4.38733e-11
0.38  0  0  0  0  0  0  0  0  0.034254  0  0  0  -4.46251e-11
0.39  0  0  0  0  0  0  0  0  0.0359612  0  0  0  -4.53876e-11
0.4  0  0  0  0  0  0  0  0  0.0377626  0  0  0  -4.61636e-11
0.42  0  0  0  0  0  0  0  0  0.0416779  0  0  0  -4.77675e-11
0.44  0  0  0  0  0  0  0  0  0.0460667  0  0  0  -4.9459e-11
0.46  0  0  0  0  0  0  0  0  0.0510074  0  0  0  -5.12607e-11
0.48  -4.92051e-21  -4.92051e-21  -4.92051e-21  -4.92051e-21  -4.92051e-21  -4.92051e-21  -4.92051e-21  -4.92051e-21  0.0565933  0  -4.92051e-21  -4.92051e-21  -5.31956e-11
0.5  0  0  0  0  0  0  0  0  0.0629349  0  0  0  -5.5287e-11
0.55  0  0  0  0  0  0  0  0  0.0830316  0  0  0  -6.13559e-11
0.6  0  0  0  0  0  0  0  0  0.111711  0  0  0  -6.89337e-11
0.7  0  0  0  0  0  0  0  0  0.218494  0  0  0  -9.02797e-11
0.8  0  0  0  0  0  0  0  0  0.502154  0  0  0  -1.23207e-10
0.85  0  0  0  0  0  0  0  0  0.850196  0  0  0  -1.45781e-10
0.9  0  0  0  0  0  0  0  0  1.67154  0  0  0  -1.74275e-10
0.91  0  0  0  0  0  0  0  0  1.97272  0  0  0  -1.8095e-10
0.92  0  0  0  0  0  0  0  0  2.3645  0  0  0  -1.88059e-10
0.93  0  0  0  0  0  0  0  0  2.89002  0  0  0  -1.95686e-10
0.94  0  0  0  0  0  0  0  0  3.62349  0  0  0  -2.03954e-10
0.95  0  0  0  0  0  0  0  0  4.7032  0  0  0  -2.13054e-10
0.96  0  0  0  0  0  0  0  0  6.41685  0  0  0  -2.23316e-10
0.97  0  0  0  0  0  0  0  0  9.46787  0  0  0  -2.35375e-10
0.98  0  0  0  0  0  0  0  0  16.0942  0  0  0  -2.50718e-10
0.99  0  0  0  0  0  0  0  0  38.4884  0  0  0  -2.74416e-10
0.999  0  0  0  0  0  0  0  0  7.41329  0  0  0  -3.46971e-10
0.9999  0  0  0  0  0  0  0  0  -29168.6  0  0  0  -2.24094e-10
