1e-05  -0.0209798  -0.0209798  -0.0709129  -0.0709129  -0.0709129  -0.0709129  -0.0709129  -0.0709129  -0.071202  -0.0709129  -0.0709129  -0.0709129  -0.154931
0.0001  -0.0153489  -0.0153489  -0.054458  -0.054458  -0.054458  -0.054458  -0.054458  -0.054458  -0.0570371  -0.054458  -0.054458  -0.054458  -0.119695
0.001  -0.0108179  -0.0108179  -0.0401928  -0.0401928  -0.0401928  -0.0401928  -0.0401928  -0.0401928  -0.0629486  -0.0401928  -0.0401928  -0.0401928  -0.0960178
0.01  -0.00705894  -0.00705894  -0.0272013  -0.0272013  -0.0272013  -0.0272013  -0.0272013  -0.0272013  -0.0400551  -0.0272013  -0.0272013  -0.0272013  -0.0640476
0.02  -0.00615533  -0.00615533  -0.0241161  -0.0241161  -0.0241161  -0.0241161  -0.0241161  -0.0241161  -0.049455  -0.0241161  -0.0241161  -0.0241161  -0.0617194
0.03  -0.0056132  -0.0056132  -0.0221962  -0.0221962  -0.0221962  -0.0221962  -0.0221962  -0.0221962  -0.0600654  -0.0221962  -0.0221962  -0.0221962  -0.0616277
0.04  -0.00521754  -0.00521754  -0.0207617  -0.0207617  -0.0207617  -0.0207617  -0.0207617  -0.0207617  -0.0713011  -0.0207617  -0.0207617  -0.0207617  -0.0623359
0.05  -0.00490256  -0.00490256  -0.0196002  -0.0196002  -0.0196002  -0.0196002  -0.0196002  -0.0196002  -0.0830016  -0.0196002  -0.0196002  -0.0196002  -0.0634119
0.06  -0.00463922  -0.00463922  -0.0186164  -0.0186164  -0.0186164  -0.0186164  -0.0186164  -0.0186164  -0.0951078  -0.0186164  -0.0186164  -0.0186164  -0.0646711
0.07  -0.00441203  -0.00441203  -0.0177589  -0.0177589  -0.0177589  -0.0177589  -0.0177589  -0.0177589  -0.107598  -0.0177589  -0.0177589  -0.0177589  -0.0660196
0.08  -0.00421173  -0.00421173  -0.0169964  -0.0169964  -0.0169964  -0.0169964  -0.0169964  -0.0169964  -0.120466  -0.0169964  -0.0169964  -0.0169964  -0.0674051
0.09  -0.00403231  -0.00403231  -0.0163085  -0.0163085  -0.0163085  -0.0163085  -0.0163085  -0.0163085  -0.133715  -0.0163085  -0.0163085  -0.0163085  -0.0687962
0.1  -0.00386965  -0.00386965  -0.0156811  -0.0156811  -0.0156811  -0.0156811  -0.0156811  -0.0156811  -0.147354  -0.0156811  -0.0156811  -0.0156811  -0.0701741
0.11  -0.00372077  -0.00372077  -0.0151038  -0.0151038  -0.0151038  -0.0151038  -0.0151038  -0.0151038  -0.161394  -0.0151038  -0.0151038  -0.0151038  -0.0715271
0.12  -0.00358347  -0.00358347  -0.014569  -0.014569  -0.014569  -0.014569  -0.014569  -0.014569  -0.17585  -0.014569  -0.014569  -0.014569  -0.072848
0.13  -0.00345605  -0.00345605  -0.0140706  -0.0140706  -0.0140706  -0.0140706  -0.0140706  -0.0140706  -0.190736  -0.0140706  -0.0140706  -0.0140706  -0.074133
0.14  -0.00333717  -0.00333717  -0.0136039  -0.0136039  -0.0136039  -0.0136039  -0.0136039  -0.0136039  -0.206071  -0.0136039  -0.0136039  -0.0136039  -0.0753801
0.15  -0.00322577  -0.00322577  -0.0131653  -0.0131653  -0.0131653  -0.0131653  -0.0131653  -0.0131653  -0.221874  -0.0131653  -0.0131653  -0.0131653  -0.0765891
0.16  -0.00312099  -0.00312099  -0.0127514  -0.0127514  -0.0127514  -0.0127514  -0.0127514  -0.0127514  -0.238163  -0.0127514  -0.0127514  -0.0127514  -0.0777604
0.17  -0.0030221  -0.0030221  -0.0123597  -0.0123597  -0.0123597  -0.0123597  -0.0123597  -0.0123597  -0.254961  -0.0123597  -0.0123597  -0.0123597  -0.0788956
0.18  -0.0029285  -0.0029285  -0.0119882  -0.0119882  -0.0119882  -0.0119882  -0.0119882  -0.0119882  -0.272289  -0.0119882  -0.0119882  -0.0119882  -0.0799966
0.19  -0.00283968  -0.00283968  -0.0116348  -0.0116348  -0.0116348  -0.0116348  -0.0116348  -0.0116348  -0.29017  -0.0116348  -0.0116348  -0.0116348  -0.0810657
0.2  -0.0027552  -0.0027552  -0.011298  -0.011298  -0.011298  -0.011298  -0.011298  -0.011298  -0.30863  -0.011298  -0.011298  -0.011298  -0.0821055
0.21  -0.0026747  -0.0026747  -0.0109764  -0.0109764  -0.0109764  -0.0109764  -0.0109764  -0.0109764  -0.327694  -0.0109764  -0.0109764  -0.0109764  -0.083119
0.22  -0.00259783  -0.00259783  -0.0106688  -0.0106688  -0.0106688  -0.0106688  -0.0106688  -0.0106688  -0.347389  -0.0106688  -0.0106688  -0.0106688  -0.0841091
0.23  -0.00252431  -0.00252431  -0.0103742  -0.0103742  -0.0103742  -0.0103742  -0.0103742  -0.0103742  -0.367743  -0.0103742  -0.0103742  -0.0103742  -0.0850788
0.24  -0.00245388  -0.00245388  -0.0100915  -0.0100915  -0.0100915  -0.0100915  -0.0100915  -0.0100915  -0.388786  -0.0100915  -0.0100915  -0.0100915  -0.0860314
0.25  -0.00238633  -0.00238633  -0.00981989  -0.00981989  -0.00981989  -0.00981989  -0.00981989  -0.00981989  -0.410549  -0.00981989  -0.00981989  -0.00981989  -0.08697
0.26  -0.00232143  -0.00232143  -0.00955868  -0.00955868  -0.00955868  -0.00955868  -0.00955868  -0.00955868  -0.433065  -0.00955868  -0.00955868  -0.00955868  -0.0878979
0.27  -0.00225902  -0.00225902  -0.00930714  -0.00930714  -0.00930714  -0.00930714  -0.00930714  -0.00930714  -0.456367  -0.00930714  -0.00930714  -0.00930714  -0.0888183
0.28  -0.00219893  -0.00219893  -0.00906466  -0.00906466  -0.00906466  -0.00906466  -0.00906466  -0.00906466  -0.480493  -0.00906466  -0.00906466  -0.00906466  -0.0897343
0.29  -0.00214101  -0.00214101  -0.00883066  -0.00883066  -0.00883066  -0.00883066  -0.00883066  -0.00883066  -0.50548  -0.00883066  -0.00883066  -0.00883066  -0.0906492
0.3  -0.00208511  -0.00208511  -0.00860462  -0.00860462  -0.00860462  -0.00860462  -0.00860462  -0.00860462  -0.531368  -0.00860462  -0.00860462  -0.00860462  -0.091566
0.31  -0.00203113  -0.00203113  -0.00838608  -0.00838608  -0.00838608  -0.00838608  -0.00838608  -0.00838608  -0.558198  -0.00838608  -0.00838608  -0.00838608  -0.0924879
0.32  -0.00197893  -0.00197893  -0.00817458  -0.00817458  -0.00817458  -0.00817458  -0.00817458  -0.00817458  -0.586015  -0.00817458  -0.00817458  -0.00817458  -0.0934179
0.33  -0.00192843  -0.00192843  -0.00796974  -0.00796974  -0.00796974  -0.00796974  -0.00796974  -0.00796974  -0.614865  -0.00796974  -0.00796974  -0.00796974  -0.0943589
0.34  -0.00187951  -0.00187951  -0.00777116  -0.00777116  -0.00777116  -0.00777116  -0.00777116  -0.00777116  -0.644798  -0.00777116  -0.00777116  -0.00777116  -0.0953138
0.35  -0.00183209  -0.00183209  -0.00757851  -0.00757851  -0.00757851  -0.00757851  -0.00757851  -0.00757851  -0.675866  -0.00757851  -0.00757851  -0.00757851  -0.0962855
0.36  -0.00178608  -0.00178608  -0.00739145  -0.00739145  -0.00739145  -0.00739145  -0.00739145  -0.00739145  -0.708123  -0.00739145  -0.00739145  -0.00739145  -0.0972768
0.37  -0.00174141  -0.00174141  -0.00720968  -0.00720968  -0.00720968  -0.00720968  -0.00720968  -0.00720968  -0.741627  -0.00720968  -0.00720968  -0.00720968  -0.0982903
0.38  -0.00169801  -0.00169801  -0.00703291  -0.00703291  -0.00703291  -0.00703291  -0.00703291  -0.00703291  -0.776439  -0.00703291  -0.00703291  -0.00703291  -0.0993286
0.39  -0.00165579  -0.00165579  -0.00686088  -0.00686088  -0.00686088  -0.00686088  -0.00686088  -0.00686088  -0.812626  -0.00686088  -0.00686088  -0.00686088  -0.100394
0.4  -0.0016147  -0.0016147  -0.00669333  -0.00669333  -0.00669333  -0.00669333  -0.00669333  -0.00669333  -0.850256  -0.00669333  -0.00669333  -0.00669333  -0.10149
0.42  -0.00153568  -0.00153568  -0.00637074  -0.00637074  -0.00637074  -0.00637074  -0.00637074  -0.00637074  -0.930143  -0.00637074  -0.00637074  -0.00637074  -0.103779
0.44  -0.00146048  -0.00146048  -0.00606338  -0.00606338  -0.00606338  -0.00606338  -0.00606338  -0.00606338  -1.01675  -0.00606338  -0.00606338  -0.00606338  -0.106215
0.46  -0.00138871  -0.00138871  -0.00576967  -0.00576967  -0.00576967  -0.00576967  -0.00576967  -0.00576967  -1.1108  -0.00576967  -0.00576967  -0.00576967  -0.108813
0.48  -0.00132  -0.00132  -0.00548818  -0.00548818  -0.00548818  -0.00548818  -0.00548818  -0.00548818  -1.21314  -0.00548818  -0.00548818  -0.00548818  -0.111587
0.5  -0.00125404  -0.00125404  -0.00521761  -0.00521761  -0.00521761  -0.00521761  -0.00521761  -0.00521761  -1.32472  -0.00521761  -0.00521761  -0.00521761  -0.114549
0.55  -0.00109922  -0.00109922  -0.00458142  -0.00458142  -0.00458142  -0.00458142  -0.00458142  -0.00458142  -1.65188  -0.00458142  -0.00458142  -0.00458142  -0.122841
0.6  -0.000955764  -0.000955764  -0.00399036  -0.00399036  -0.00399036  -0.00399036  -0.00399036  -0.00399036  -2.06734  -0.00399036  -0.00399036  -0.00399036  -0.132465
0.7  -0.00069086  -0.00069086  -0.00289462  -0.00289462  -0.00289462  -0.00289462  -0.00289462  -0.00289462  -3.32597  -0.00289462  -0.00289462  -0.00289462  -0.155476
0.8  -0.000441672  -0.000441672  -0.00185808  -0.00185808  -0.00185808  -0.00185808  -0.00185808  -0.00185808  -5.79597  -0.00185808  -0.00185808  -0.00185808  -0.181076
0.85  -0.000320459  -0.000320459  -0.00135146  -0.00135146  -0.00135146  -0.00135146  -0.00135146  -0.00135146  -8.16556  -0.00135146  -0.00135146  -0.00135146  -0.192394
0.9  -0.000202201  -0.000202201  -0.000855316  -0.000855316  -0.000855316  -0.000855316  -0.000855316  -0.000855316  -12.6514  -0.000855316  -0.000855316  -0.000855316  -0.199281
0.91  -0.000179126  -0.000179126  -0.000758249  -0.000758249  -0.000758249  -0.000758249  -0.000758249  -0.000758249  -14.0877  -0.000758249  -0.000758249  -0.000758249  -0.199619
0.92  -0.000156331  -0.000156331  -0.000662263  -0.000662263  -0.000662263  -0.000662263  -0.000662263  -0.000662263  -15.8499  -0.000662263  -0.000662263  -0.000662263  -0.199415
0.93  -0.000133874  -0.000133874  -0.000567598  -0.000567598  -0.000567598  -0.000567598  -0.000567598  -0.000567598  -18.0684  -0.000567598  -0.000567598  -0.000567598  -0.198528
0.94  -0.00011183  -0.00011183  -0.000474564  -0.000474564  -0.000474564  -0.000474564  -0.000474564  -0.000474564  -20.9564  -0.000474564  -0.000474564  -0.000474564  -0.196765
0.95  -9.02963e-05  -9.02963e-05  -0.000383567  -0.000383567  -0.000383567  -0.000383567  -0.000383567  -0.000383567  -24.8893  -0.000383567  -0.000383567  -0.000383567  -0.193841
0.96  -6.9408e-05  -6.9408e-05  -0.000295166  -0.000295166  -0.000295166  -0.000295166  -0.000295166  -0.000295166  -30.5983  -0.000295166  -0.000295166  -0.000295166  -0.189312
0.97  -4.93585e-05  -4.93585e-05  -0.000210169  -0.000210169  -0.000210169  -0.000210169  -0.000210169  -0.000210169  -39.7371  -0.000210169  -0.000210169  -0.000210169  -0.1824
0.98  -3.04557e-05  -3.04557e-05  -0.000129868  -0.000129868  -0.000129868  -0.000129868  -0.000129868  -0.000129868  -57.0717  -0.000129868  -0.000129868  -0.000129868  -0.171514
0.99  -1.3284e-05  -1.3284e-05  -5.6724e-05  -5.6724e-05  -5.6724e-05  -5.6724e-05  -5.6724e-05  -5.6724e-05  -105.053  -5.6724e-05  -5.6724e-05  -5.6724e-05  -0.152155
0.999  -7.93151e-07  -7.93151e-07  -3.3562e-06  -3.3562e-06  -3.3562e-06  -3.3562e-06  -3.3562e-06  -3.3562e-06  -1288.46  -3.3562e-06  -3.3562e-06  -3.3562e-06  -0.0981173
0.9999  -2.91936e-08  -2.91937e-08  -1.15037e-07  -1.15037e-07  -1.15037e-07  -1.15037e-07  -1.15037e-07  -1.15037e-07  -32655.8  -1.15036e-07  -1.15037e-07  -1.15037e-07  -0.037198
