1e-05  -0.00136173  -0.00136173  -0.00169219  -0.00169219  -0.00169219  -0.00169219  -0.00169219  -0.00169219  -0.00174854  -0.00169219  -0.00169219  -0.00169219  -0.00379542
0.0001  -0.00122157  -0.00122157  -0.00153195  -0.00153195  -0.00153195  -0.00153195  -0.00153195  -0.00153195  -0.00207807  -0.00153195  -0.00153195  -0.00153195  -0.0036249
0.001  -0.00102778  -0.00102778  -0.00129695  -0.00129695  -0.00129695  -0.00129695  -0.00129695  -0.00129695  -0.00658082  -0.00129695  -0.00129695  -0.00129695  -0.0049019
0.01  -0.00074806  -0.00074806  -0.000944311  -0.000944311  -0.000944311  -0.000944311  -0.000944311  -0.000944311  -0.0018179  -0.000944311  -0.000944311  -0.000944311  -0.00266627
0.02  -0.000696921  -0.000696921  -0.00088207  -0.00088207  -0.00088207  -0.00088207  -0.00088207  -0.00088207  -0.00266083  -0.00088207  -0.00088207  -0.00088207  -0.00306259
0.03  -0.000660154  -0.000660154  -0.000836748  -0.000836748  -0.000836748  -0.000836748  -0.000836748  -0.000836748  -0.00355338  -0.000836748  -0.000836748  -0.000836748  -0.00347247
0.04  -0.00063019  -0.00063019  -0.000799557  -0.000799557  -0.000799557  -0.000799557  -0.000799557  -0.000799557  -0.00448793  -0.000799557  -0.000799557  -0.000799557  -0.00387769
0.05  -0.00060442  -0.00060442  -0.000767428  -0.000767428  -0.000767428  -0.000767428  -0.000767428  -0.000767428  -0.00546267  -0.000767428  -0.000767428  -0.000767428  -0.00427261
0.06  -0.00058158  -0.00058158  -0.000738862  -0.000738862  -0.000738862  -0.000738862  -0.000738862  -0.000738862  -0.00647737  -0.000738862  -0.000738862  -0.000738862  -0.00465496
0.07  -0.000560946  -0.000560946  -0.000712993  -0.000712993  -0.000712993  -0.000712993  -0.000712993  -0.000712993  -0.0075325  -0.000712993  -0.000712993  -0.000712993  -0.00502381
0.08  -0.000542054  -0.000542054  -0.000689264  -0.000689264  -0.000689264  -0.000689264  -0.000689264  -0.000689264  -0.0086289  -0.000689264  -0.000689264  -0.000689264  -0.00537884
0.09  -0.000524587  -0.000524587  -0.000667292  -0.000667292  -0.000667292  -0.000667292  -0.000667292  -0.000667292  -0.00976763  -0.000667292  -0.000667292  -0.000667292  -0.0057201
0.1  -0.000508318  -0.000508318  -0.0006468  -0.0006468  -0.0006468  -0.0006468  -0.0006468  -0.0006468  -0.0109499  -0.0006468  -0.0006468  -0.0006468  -0.00604781
0.11  -0.000493073  -0.000493073  -0.000627578  -0.000627578  -0.000627578  -0.000627578  -0.000627578  -0.000627578  -0.012177  -0.000627578  -0.000627578  -0.000627578  -0.00636233
0.12  -0.000478719  -0.000478719  -0.000609464  -0.000609464  -0.000609464  -0.000609464  -0.000609464  -0.000609464  -0.0134505  -0.000609464  -0.000609464  -0.000609464  -0.00666411
0.13  -0.000465152  -0.000465152  -0.000592329  -0.000592329  -0.000592329  -0.000592329  -0.000592329  -0.000592329  -0.0147718  -0.000592329  -0.000592329  -0.000592329  -0.00695363
0.14  -0.000452285  -0.000452285  -0.000576066  -0.000576066  -0.000576066  -0.000576066  -0.000576066  -0.000576066  -0.0161426  -0.000576066  -0.000576066  -0.000576066  -0.00723143
0.15  -0.000440047  -0.000440047  -0.000560589  -0.000560589  -0.000560589  -0.000560589  -0.000560589  -0.000560589  -0.0175646  -0.000560589  -0.000560589  -0.000560589  -0.00749806
0.16  -0.000428379  -0.000428379  -0.000545824  -0.000545824  -0.000545824  -0.000545824  -0.000545824  -0.000545824  -0.0190395  -0.000545824  -0.000545824  -0.000545824  -0.00775411
0.17  -0.000417231  -0.000417231  -0.00053171  -0.00053171  -0.00053171  -0.00053171  -0.00053171  -0.00053171  -0.0205692  -0.00053171  -0.00053171  -0.00053171  -0.00800017
0.18  -0.000406559  -0.000406559  -0.000518193  -0.000518193  -0.000518193  -0.000518193  -0.000518193  -0.000518193  -0.0221557  -0.000518193  -0.000518193  -0.000518193  -0.00823683
0.19  -0.000396326  -0.000396326  -0.000505227  -0.000505227  -0.000505227  -0.000505227  -0.000505227  -0.000505227  -0.0238009  -0.000505227  -0.000505227  -0.000505227  -0.00846469
0.2  -0.000386499  -0.000386499  -0.000492771  -0.000492771  -0.000492771  -0.000492771  -0.000492771  -0.000492771  -0.0255071  -0.000492771  -0.000492771  -0.000492771  -0.00868438
0.21  -0.00037705  -0.00037705  -0.000480789  -0.000480789  -0.000480789  -0.000480789  -0.000480789  -0.000480789  -0.0272763  -0.000480789  -0.000480789  -0.000480789  -0.0088965
0.22  -0.000367952  -0.000367952  -0.000469249  -0.000469249  -0.000469249  -0.000469249  -0.000469249  -0.000469249  -0.0291109  -0.000469249  -0.000469249  -0.000469249  -0.00910167
0.23  -0.000359183  -0.000359183  -0.000458123  -0.000458123  -0.000458123  -0.000458123  -0.000458123  -0.000458123  -0.0310133  -0.000458123  -0.000458123  -0.000458123  -0.00930051
0.24  -0.000350722  -0.000350722  -0.000447385  -0.000447385  -0.000447385  -0.000447385  -0.000447385  -0.000447385  -0.0329859  -0.000447385  -0.000447385  -0.000447385  -0.00949363
0.25  -0.000342551  -0.000342551  -0.000437011  -0.000437011  -0.000437011  -0.000437011  -0.000437011  -0.000437011  -0.0350314  -0.000437011  -0.000437011  -0.000437011  -0.00968166
0.26  -0.000334652  -0.000334652  -0.000426981  -0.000426981  -0.000426981  -0.000426981  -0.000426981  -0.000426981  -0.0371525  -0.000426981  -0.000426981  -0.000426981  -0.0098652
0.27  -0.000327009  -0.000327009  -0.000417275  -0.000417275  -0.000417275  -0.000417275  -0.000417275  -0.000417275  -0.0393519  -0.000417275  -0.000417275  -0.000417275  -0.0100449
0.28  -0.00031961  -0.00031961  -0.000407876  -0.000407876  -0.000407876  -0.000407876  -0.000407876  -0.000407876  -0.0416327  -0.000407876  -0.000407876  -0.000407876  -0.0102213
0.29  -0.00031244  -0.00031244  -0.000398766  -0.000398766  -0.000398766  -0.000398766  -0.000398766  -0.000398766  -0.0439979  -0.000398766  -0.000398766  -0.000398766  -0.0103951
0.3  -0.000305487  -0.000305487  -0.00038993  -0.00038993  -0.00038993  -0.00038993  -0.00038993  -0.00038993  -0.0464507  -0.00038993  -0.00038993  -0.00038993  -0.0105668
0.31  -0.00029874  -0.00029874  -0.000381355  -0.000381355  -0.000381355  -0.000381355  -0.000381355  -0.000381355  -0.0489945  -0.000381355  -0.000381355  -0.000381355  -0.0107371
0.32  -0.000292189  -0.000292189  -0.000373027  -0.000373027  -0.000373027  -0.000373027  -0.000373027  -0.000373027  -0.0516327  -0.000373027  -0.000373027  -0.000373027  -0.0109066
0.33  -0.000285824  -0.000285824  -0.000364934  -0.000364934  -0.000364934  -0.000364934  -0.000364934  -0.000364934  -0.0543692  -0.000364934  -0.000364934  -0.000364934  -0.0110759
0.34  -0.000279634  -0.000279634  -0.000357064  -0.000357064  -0.000357064  -0.000357064  -0.000357064  -0.000357064  -0.0572076  -0.000357064  -0.000357064  -0.000357064  -0.0112455
0.35  -0.000273613  -0.000273613  -0.000349406  -0.000349406  -0.000349406  -0.000349406  -0.000349406  -0.000349406  -0.060152  -0.000349406  -0.000349406  -0.000349406  -0.0114162
0.36  -0.00026775  -0.00026775  -0.00034195  -0.00034195  -0.00034195  -0.00034195  -0.00034195  -0.00034195  -0.0632067  -0.00034195  -0.00034195  -0.00034195  -0.0115884
0.37  -0.000262039  -0.000262039  -0.000334685  -0.000334685  -0.000334685  -0.000334685  -0.000334685  -0.000334685  -0.0663761  -0.000334685  -0.000334685  -0.000334685  -0.0117628
0.38  -0.000256473  -0.000256473  -0.000327603  -0.000327603  -0.000327603  -0.000327603  -0.000327603  -0.000327603  -0.0696648  -0.000327603  -0.000327603  -0.000327603  -0.0119399
0.39  -0.000251043  -0.000251043  -0.000320695  -0.000320695  -0.000320695  -0.000320695  -0.000320695  -0.000320695  -0.0730777  -0.000320695  -0.000320695  -0.000320695  -0.0121203
0.4  -0.000245744  -0.000245744  -0.000313952  -0.000313952  -0.000313952  -0.000313952  -0.000313952  -0.000313952  -0.0766199  -0.000313952  -0.000313952  -0.000313952  -0.0123047
0.42  -0.000235511  -0.000235511  -0.00030093  -0.00030093  -0.00030093  -0.00030093  -0.00030093  -0.00030093  -0.084114  -0.00030093  -0.00030093  -0.00030093  -0.0126876
0.44  -0.000225726  -0.000225726  -0.000288475  -0.000288475  -0.000288475  -0.000288475  -0.000288475  -0.000288475  -0.0921939  -0.000288475  -0.000288475  -0.000288475  -0.013093
0.46  -0.000216344  -0.000216344  -0.00027653  -0.00027653  -0.00027653  -0.00027653  -0.00027653  -0.00027653  -0.100911  -0.00027653  -0.00027653  -0.00027653  -0.0135255
0.48  -0.000207322  -0.000207322  -0.000265044  -0.000265044  -0.000265044  -0.000265044  -0.000265044  -0.000265044  -0.110324  -0.000265044  -0.000265044  -0.000265044  -0.0139897
0.5  -0.000198623  -0.000198623  -0.000253966  -0.000253966  -0.000253966  -0.000253966  -0.000253966  -0.000253966  -0.120497  -0.000253966  -0.000253966  -0.000253966  -0.0144898
0.55  -0.000178045  -0.000178045  -0.000227756  -0.000227756  -0.000227756  -0.000227756  -0.000227756  -0.000227756  -0.149754  -0.000227756  -0.000227756  -0.000227756  -0.0159257
0.6  -0.000158724  -0.000158724  -0.000203139  -0.000203139  -0.000203139  -0.000203139  -0.000203139  -0.000203139  -0.185668  -0.000203139  -0.000203139  -0.000203139  -0.0176787
0.7  -0.000121989  -0.000121989  -0.000156311  -0.000156311  -0.000156311  -0.000156311  -0.000156311  -0.000156311  -0.286302  -0.000156311  -0.000156311  -0.000156311  -0.0223748
0.8  -8.50589e-05  -8.50589e-05  -0.000109176  -0.000109176  -0.000109176  -0.000109176  -0.000109176  -0.000109176  -0.452624  -0.000109176  -0.000109176  -0.000109176  -0.0289846
0.85  -6.56049e-05  -6.56049e-05  -8.43115e-05  -8.43115e-05  -8.43115e-05  -8.43115e-05  -8.43115e-05  -8.43115e-05  -0.580121  -8.43115e-05  -8.43115e-05  -8.43115e-05  -0.0330759
0.9  -4.50696e-05  -4.50696e-05  -5.80252e-05  -5.80252e-05  -5.80252e-05  -5.80252e-05  -5.80252e-05  -5.80252e-05  -0.75379  -5.80252e-05  -5.80252e-05  -5.80252e-05  -0.0376572
0.91  -4.08095e-05  -4.08095e-05  -5.25654e-05  -5.25654e-05  -5.25654e-05  -5.25654e-05  -5.25654e-05  -5.25654e-05  -0.793753  -5.25654e-05  -5.25654e-05  -5.25654e-05  -0.038621
0.92  -3.64943e-05  -3.64943e-05  -4.70323e-05  -4.70323e-05  -4.70323e-05  -4.70323e-05  -4.70323e-05  -4.70323e-05  -0.833814  -4.70323e-05  -4.70323e-05  -4.70323e-05  -0.0395956
0.93  -3.21228e-05  -3.21228e-05  -4.14238e-05  -4.14238e-05  -4.14238e-05  -4.14238e-05  -4.14238e-05  -4.14238e-05  -0.871388  -4.14238e-05  -4.14238e-05  -4.14238e-05  -0.0405772
0.94  -2.76939e-05  -2.76939e-05  -3.57379e-05  -3.57379e-05  -3.57379e-05  -3.57379e-05  -3.57379e-05  -3.57379e-05  -0.90092  -3.57379e-05  -3.57379e-05  -3.57379e-05  -0.0415605
0.95  -2.32071e-05  -2.32071e-05  -2.99732e-05  -2.99732e-05  -2.99732e-05  -2.99732e-05  -2.99732e-05  -2.99732e-05  -0.909913  -2.99732e-05  -2.99732e-05  -2.99732e-05  -0.0425375
0.96  -1.86623e-05  -1.86623e-05  -2.41286e-05  -2.41286e-05  -2.41286e-05  -2.41286e-05  -2.41286e-05  -2.41286e-05  -0.867722  -2.41286e-05  -2.41286e-05  -2.41286e-05  -0.0434964
0.97  -1.40603e-05  -1.40603e-05  -1.82034e-05  -1.82034e-05  -1.82034e-05  -1.82034e-05  -1.82034e-05  -1.82034e-05  -0.687493  -1.82034e-05  -1.82034e-05  -1.82034e-05  -0.0444167
0.98  -9.40324e-06  -9.40324e-06  -1.21976e-05  -1.21976e-05  -1.21976e-05  -1.21976e-05  -1.21976e-05  -1.21976e-05  -0.0523678  -1.21976e-05  -1.21976e-05  -1.21976e-05  -0.0452587
0.99  -4.69535e-06  -4.69535e-06  -6.11089e-06  -6.11089e-06  -6.11089e-06  -6.11089e-06  -6.11089e-06  -6.11089e-06  3.00424  -6.11089e-06  -6.11089e-06  -6.11089e-06  -0.0459194
0.999  -4.28699e-07  -4.28699e-07  -5.63769e-07  -5.63769e-07  -5.63769e-07  -5.63769e-07  -5.63769e-07  -5.63769e-07  -428.809  -5.63769e-07  -5.63769e-07  -5.63769e-07  -0.045247
0.9999  -2.13741e-08  -2.13741e-08  -2.81824e-08  -2.81824e-08  -2.81824e-08  -2.81824e-08  -2.81824e-08  -2.81824e-08  -30701.7  -2.81824e-08  -2.81824e-08  -2.81824e-08  -0.023631
