1e-05  -2.42868e-07  -2.42868e-07  -2.42868e-07  -2.42868e-07  -2.42868e-07  -2.42868e-07  -2.42868e-07  -2.42868e-07  -3.82821e-07  -2.42868e-07  -2.42868e-07  -2.42868e-07  -8.37808e-07
0.0001  -2.37464e-07  -2.37464e-07  -2.37464e-07  -2.37464e-07  -2.37464e-07  -2.37464e-07  -2.37464e-07  -2.37464e-07  -1.64012e-06  -2.37464e-07  -2.37464e-07  -2.37464e-07  -3.44885e-06
0.001  -2.11503e-07  -2.11503e-07  -2.11503e-07  -2.11503e-07  -2.11503e-07  -2.11503e-07  -2.11503e-07  -2.11503e-07  -1.43302e-05  -2.11503e-07  -2.11503e-07  -2.11503e-07  -2.95745e-05
0.01  -1.53035e-07  -1.53035e-07  -1.53035e-07  -1.53035e-07  -1.53035e-07  -1.53035e-07  -1.53035e-07  -1.53035e-07  0.000622588  -1.53035e-07  -1.53035e-07  -1.53035e-07  -5.56996e-06
0.02  -1.46253e-07  -1.46253e-07  -1.46253e-07  -1.46253e-07  -1.46253e-07  -1.46253e-07  -1.46253e-07  -1.46253e-07  0.00124522  -1.46253e-07  -1.46253e-07  -1.46253e-07  -1.07021e-05
0.03  -1.40568e-07  -1.40568e-07  -1.40568e-07  -1.40568e-07  -1.40568e-07  -1.40568e-07  -1.40568e-07  -1.40568e-07  0.00186856  -1.40568e-07  -1.40568e-07  -1.40568e-07  -1.56777e-05
0.04  -1.35561e-07  -1.35561e-07  -1.35561e-07  -1.35561e-07  -1.35561e-07  -1.35561e-07  -1.35561e-07  -1.35561e-07  0.00249327  -1.35561e-07  -1.35561e-07  -1.35561e-07  -2.04835e-05
0.05  -1.31041e-07  -1.31041e-07  -1.31041e-07  -1.31041e-07  -1.31041e-07  -1.31041e-07  -1.31041e-07  -1.31041e-07  0.00312003  -1.31041e-07  -1.31041e-07  -1.31041e-07  -2.51164e-05
0.06  -1.26897e-07  -1.26897e-07  -1.26897e-07  -1.26897e-07  -1.26897e-07  -1.26897e-07  -1.26897e-07  -1.26897e-07  0.00374956  -1.26897e-07  -1.26897e-07  -1.26897e-07  -2.95774e-05
0.07  -1.23057e-07  -1.23057e-07  -1.23057e-07  -1.23057e-07  -1.23057e-07  -1.23057e-07  -1.23057e-07  -1.23057e-07  0.00438262  -1.23057e-07  -1.23057e-07  -1.23057e-07  -3.3869e-05
0.08  -1.19471e-07  -1.19471e-07  -1.19471e-07  -1.19471e-07  -1.19471e-07  -1.19471e-07  -1.19471e-07  -1.19471e-07  0.00501998  -1.19471e-07  -1.19471e-07  -1.19471e-07  -3.7995e-05
0.09  -1.16102e-07  -1.16102e-07  -1.16102e-07  -1.16102e-07  -1.16102e-07  -1.16102e-07  -1.16102e-07  -1.16102e-07  0.0056625  -1.16102e-07  -1.16102e-07  -1.16102e-07  -4.19598e-05
0.1  -1.12921e-07  -1.12921e-07  -1.12921e-07  -1.12921e-07  -1.12921e-07  -1.12921e-07  -1.12921e-07  -1.12921e-07  0.00631107  -1.12921e-07  -1.12921e-07  -1.12921e-07  -4.57682e-05
0.11  -1.09906e-07  -1.09906e-07  -1.09906e-07  -1.09906e-07  -1.09906e-07  -1.09906e-07  -1.09906e-07  -1.09906e-07  0.00696664  -1.09906e-07  -1.09906e-07  -1.09906e-07  -4.94255e-05
0.12  -1.07039e-07  -1.07039e-07  -1.07039e-07  -1.07039e-07  -1.07039e-07  -1.07039e-07  -1.07039e-07  -1.07039e-07  0.0076302  -1.07039e-07  -1.07039e-07  -1.07039e-07  -5.29369e-05
0.13  -1.04306e-07  -1.04306e-07  -1.04306e-07  -1.04306e-07  -1.04306e-07  -1.04306e-07  -1.04306e-07  -1.04306e-07  0.00830283  -1.04306e-07  -1.04306e-07  -1.04306e-07  -5.63082e-05
0.14  -1.01694e-07  -1.01694e-07  -1.01694e-07  -1.01694e-07  -1.01694e-07  -1.01694e-07  -1.01694e-07  -1.01694e-07  0.00898566  -1.01694e-07  -1.01694e-07  -1.01694e-07  -5.9545e-05
0.15  -9.91925e-08  -9.91925e-08  -9.91925e-08  -9.91925e-08  -9.91925e-08  -9.91925e-08  -9.91925e-08  -9.91925e-08  0.00967991  -9.91925e-08  -9.91925e-08  -9.91925e-08  -6.26532e-05
0.16  -9.6793e-08  -9.6793e-08  -9.6793e-08  -9.6793e-08  -9.6793e-08  -9.6793e-08  -9.6793e-08  -9.6793e-08  0.0103869  -9.6793e-08  -9.6793e-08  -9.6793e-08  -6.56387e-05
0.17  -9.44877e-08  -9.44877e-08  -9.44877e-08  -9.44877e-08  -9.44877e-08  -9.44877e-08  -9.44877e-08  -9.44877e-08  0.0111079  -9.44877e-08  -9.44877e-08  -9.44877e-08  -6.85076e-05
0.18  -9.22697e-08  -9.22697e-08  -9.22697e-08  -9.22697e-08  -9.22697e-08  -9.22697e-08  -9.22697e-08  -9.22697e-08  0.0118444  -9.22697e-08  -9.22697e-08  -9.22697e-08  -7.1266e-05
0.19  -9.01331e-08  -9.01331e-08  -9.01331e-08  -9.01331e-08  -9.01331e-08  -9.01331e-08  -9.01331e-08  -9.01331e-08  0.012598  -9.01331e-08  -9.01331e-08  -9.01331e-08  -7.39201e-05
0.2  -8.80725e-08  -8.80725e-08  -8.80725e-08  -8.80725e-08  -8.80725e-08  -8.80725e-08  -8.80725e-08  -8.80725e-08  0.0133703  -8.80725e-08  -8.80725e-08  -8.80725e-08  -7.6476e-05
0.21  -8.60834e-08  -8.60834e-08  -8.60834e-08  -8.60834e-08  -8.60834e-08  -8.60834e-08  -8.60834e-08  -8.60834e-08  0.0141631  -8.60834e-08  -8.60834e-08  -8.60834e-08  -7.89401e-05
0.22  -8.41612e-08  -8.41612e-08  -8.41612e-08  -8.41612e-08  -8.41612e-08  -8.41612e-08  -8.41612e-08  -8.41612e-08  0.0149783  -8.41612e-08  -8.41612e-08  -8.41612e-08  -8.13187e-05
0.23  -8.23024e-08  -8.23024e-08  -8.23024e-08  -8.23024e-08  -8.23024e-08  -8.23024e-08  -8.23024e-08  -8.23024e-08  0.0158178  -8.23024e-08  -8.23024e-08  -8.23024e-08  -8.36181e-05
0.24  -8.05032e-08  -8.05032e-08  -8.05032e-08  -8.05032e-08  -8.05032e-08  -8.05032e-08  -8.05032e-08  -8.05032e-08  0.0166838  -8.05032e-08  -8.05032e-08  -8.05032e-08  -8.58448e-05
0.25  -7.87606e-08  -7.87606e-08  -7.87606e-08  -7.87606e-08  -7.87606e-08  -7.87606e-08  -7.87606e-08  -7.87606e-08  0.0175787  -7.87606e-08  -7.87606e-08  -7.87606e-08  -8.80052e-05
0.26  -7.70715e-08  -7.70715e-08  -7.70715e-08  -7.70715e-08  -7.70715e-08  -7.70715e-08  -7.70715e-08  -7.70715e-08  0.0185048  -7.70715e-08  -7.70715e-08  -7.70715e-08  -9.01057e-05
0.27  -7.54332e-08  -7.54332e-08  -7.54332e-08  -7.54332e-08  -7.54332e-08  -7.54332e-08  -7.54332e-08  -7.54332e-08  0.0194647  -7.54332e-08  -7.54332e-08  -7.54332e-08  -9.2153e-05
0.28  -7.38433e-08  -7.38433e-08  -7.38433e-08  -7.38433e-08  -7.38433e-08  -7.38433e-08  -7.38433e-08  -7.38433e-08  0.0204613  -7.38433e-08  -7.38433e-08  -7.38433e-08  -9.41535e-05
0.29  -7.22993e-08  -7.22993e-08  -7.22993e-08  -7.22993e-08  -7.22993e-08  -7.22993e-08  -7.22993e-08  -7.22993e-08  0.0214976  -7.22993e-08  -7.22993e-08  -7.22993e-08  -9.61138e-05
0.3  -7.07991e-08  -7.07991e-08  -7.07991e-08  -7.07991e-08  -7.07991e-08  -7.07991e-08  -7.07991e-08  -7.07991e-08  0.0225768  -7.07991e-08  -7.07991e-08  -7.07991e-08  -9.80406e-05
0.31  -6.93407e-08  -6.93407e-08  -6.93407e-08  -6.93407e-08  -6.93407e-08  -6.93407e-08  -6.93407e-08  -6.93407e-08  0.0237023  -6.93407e-08  -6.93407e-08  -6.93407e-08  -9.99405e-05
0.32  -6.7922e-08  -6.7922e-08  -6.7922e-08  -6.7922e-08  -6.7922e-08  -6.7922e-08  -6.7922e-08  -6.7922e-08  0.0248778  -6.7922e-08  -6.7922e-08  -6.7922e-08  -0.00010182
0.33  -6.65412e-08  -6.65412e-08  -6.65412e-08  -6.65412e-08  -6.65412e-08  -6.65412e-08  -6.65412e-08  -6.65412e-08  0.0261073  -6.65412e-08  -6.65412e-08  -6.65412e-08  -0.000103686
0.34  -6.51967e-08  -6.51967e-08  -6.51967e-08  -6.51967e-08  -6.51967e-08  -6.51967e-08  -6.51967e-08  -6.51967e-08  0.0273951  -6.51967e-08  -6.51967e-08  -6.51967e-08  -0.000105546
0.35  -6.38868e-08  -6.38868e-08  -6.38868e-08  -6.38868e-08  -6.38868e-08  -6.38868e-08  -6.38868e-08  -6.38868e-08  0.0287458  -6.38868e-08  -6.38868e-08  -6.38868e-08  -0.000107405
0.36  -6.26099e-08  -6.26099e-08  -6.26099e-08  -6.26099e-08  -6.26099e-08  -6.26099e-08  -6.26099e-08  -6.26099e-08  0.0301643  -6.26099e-08  -6.26099e-08  -6.26099e-08  -0.000109271
0.37  -6.13646e-08  -6.13646e-08  -6.13646e-08  -6.13646e-08  -6.13646e-08  -6.13646e-08  -6.13646e-08  -6.13646e-08  0.0316559  -6.13646e-08  -6.13646e-08  -6.13646e-08  -0.000111151
0.38  -6.01494e-08  -6.01494e-08  -6.01494e-08  -6.01494e-08  -6.01494e-08  -6.01494e-08  -6.01494e-08  -6.01494e-08  0.0332264  -6.01494e-08  -6.01494e-08  -6.01494e-08  -0.000113052
0.39  -5.89629e-08  -5.89629e-08  -5.89629e-08  -5.89629e-08  -5.89629e-08  -5.89629e-08  -5.89629e-08  -5.89629e-08  0.034882  -5.89629e-08  -5.89629e-08  -5.89629e-08  -0.000114979
0.4  -5.78038e-08  -5.78038e-08  -5.78038e-08  -5.78038e-08  -5.78038e-08  -5.78038e-08  -5.78038e-08  -5.78038e-08  0.0366294  -5.78038e-08  -5.78038e-08  -5.78038e-08  -0.000116942
0.42  -5.55629e-08  -5.55629e-08  -5.55629e-08  -5.55629e-08  -5.55629e-08  -5.55629e-08  -5.55629e-08  -5.55629e-08  0.0404291  -5.55629e-08  -5.55629e-08  -5.55629e-08  -0.000120997
0.44  -5.3417e-08  -5.3417e-08  -5.3417e-08  -5.3417e-08  -5.3417e-08  -5.3417e-08  -5.3417e-08  -5.3417e-08  0.0446913  -5.3417e-08  -5.3417e-08  -5.3417e-08  -0.000125275
0.46  -5.1357e-08  -5.1357e-08  -5.1357e-08  -5.1357e-08  -5.1357e-08  -5.1357e-08  -5.1357e-08  -5.1357e-08  0.049493  -5.1357e-08  -5.1357e-08  -5.1357e-08  -0.000129832
0.48  -4.93743e-08  -4.93743e-08  -4.93743e-08  -4.93743e-08  -4.93743e-08  -4.93743e-08  -4.93743e-08  -4.93743e-08  0.0549257  -4.93743e-08  -4.93743e-08  -4.93743e-08  -0.000134725
0.5  -4.74607e-08  -4.74607e-08  -4.74607e-08  -4.74607e-08  -4.74607e-08  -4.74607e-08  -4.74607e-08  -4.74607e-08  0.061098  -4.74607e-08  -4.74607e-08  -4.74607e-08  -0.000140014
0.55  -4.29279e-08  -4.29279e-08  -4.29279e-08  -4.29279e-08  -4.29279e-08  -4.29279e-08  -4.29279e-08  -4.29279e-08  0.0806856  -4.29279e-08  -4.29279e-08  -4.29279e-08  -0.000155359
0.6  -3.86616e-08  -3.86616e-08  -3.86616e-08  -3.86616e-08  -3.86616e-08  -3.86616e-08  -3.86616e-08  -3.86616e-08  0.108692  -3.86616e-08  -3.86616e-08  -3.86616e-08  -0.000174512
0.7  -3.04893e-08  -3.04893e-08  -3.04893e-08  -3.04893e-08  -3.04893e-08  -3.04893e-08  -3.04893e-08  -3.04893e-08  0.213264  -3.04893e-08  -3.04893e-08  -3.04893e-08  -0.000228417
0.8  -2.20796e-08  -2.20796e-08  -2.20796e-08  -2.20796e-08  -2.20796e-08  -2.20796e-08  -2.20796e-08  -2.20796e-08  0.491946  -2.20796e-08  -2.20796e-08  -2.20796e-08  -0.000311438
0.85  -1.75032e-08  -1.75032e-08  -1.75032e-08  -1.75032e-08  -1.75032e-08  -1.75032e-08  -1.75032e-08  -1.75032e-08  0.834534  -1.75032e-08  -1.75032e-08  -1.75032e-08  -0.000368259
0.9  -1.2502e-08  -1.2502e-08  -1.2502e-08  -1.2502e-08  -1.2502e-08  -1.2502e-08  -1.2502e-08  -1.2502e-08  1.64403  -1.2502e-08  -1.2502e-08  -1.2502e-08  -0.000439854
0.91  -1.14357e-08  -1.14357e-08  -1.14357e-08  -1.14357e-08  -1.14357e-08  -1.14357e-08  -1.14357e-08  -1.14357e-08  1.94105  -1.14357e-08  -1.14357e-08  -1.14357e-08  -0.0004566
0.92  -1.03432e-08  -1.03432e-08  -1.03432e-08  -1.03432e-08  -1.03432e-08  -1.03432e-08  -1.03432e-08  -1.03432e-08  2.3275  -1.03432e-08  -1.03432e-08  -1.03432e-08  -0.000474423
0.93  -9.22221e-09  -9.22221e-09  -9.22221e-09  -9.22221e-09  -9.22221e-09  -9.22221e-09  -9.22221e-09  -9.22221e-09  2.84598  -9.22221e-09  -9.22221e-09  -9.22221e-09  -0.000493529
0.94  -8.06979e-09  -8.06979e-09  -8.06979e-09  -8.06979e-09  -8.06979e-09  -8.06979e-09  -8.06979e-09  -8.06979e-09  3.56978  -8.06979e-09  -8.06979e-09  -8.06979e-09  -0.000514219
0.95  -6.88236e-09  -6.88236e-09  -6.88236e-09  -6.88236e-09  -6.88236e-09  -6.88236e-09  -6.88236e-09  -6.88236e-09  4.63546  -6.88236e-09  -6.88236e-09  -6.88236e-09  -0.000536967
0.96  -5.655e-09  -5.655e-09  -5.655e-09  -5.655e-09  -5.655e-09  -5.655e-09  -5.655e-09  -5.655e-09  6.32716  -5.655e-09  -5.655e-09  -5.655e-09  -0.000562583
0.97  -4.38044e-09  -4.38044e-09  -4.38044e-09  -4.38044e-09  -4.38044e-09  -4.38044e-09  -4.38044e-09  -4.38044e-09  9.33956  -4.38044e-09  -4.38044e-09  -4.38044e-09  -0.000592628
0.98  -3.04631e-09  -3.04631e-09  -3.04631e-09  -3.04631e-09  -3.04631e-09  -3.04631e-09  -3.04631e-09  -3.04631e-09  15.8827  -3.04631e-09  -3.04631e-09  -3.04631e-09  -0.000630759
0.99  -1.62576e-09  -1.62577e-09  -1.62576e-09  -1.62577e-09  -1.62576e-09  -1.62577e-09  -1.62576e-09  -1.62577e-09  37.9949  -1.62576e-09  -1.62576e-09  -1.62577e-09  -0.000689452
0.999  -1.84481e-10  -1.84485e-10  -1.84481e-10  -1.84485e-10  -1.84481e-10  -1.84485e-10  -1.84481e-10  -1.84485e-10  0.371271  -1.845e-10  -1.84481e-10  -1.84485e-10  -0.000867973
0.9999  -1.09737e-11  -1.09542e-11  -1.09737e-11  -1.09542e-11  -1.09737e-11  -1.09542e-11  -1.09737e-11  -1.09542e-11  -29197.1  -1.07826e-11  -1.09737e-11  -1.09542e-11  -0.000558517
