1e-05  -0.000376889  -0.000376889  -0.000376889  -0.000376889  -0.000376889  -0.000376889  -0.000376889  -0.000376889  -0.000404761  -0.000376889  -0.000376889  -0.000376889  -0.000854996
0.0001  -0.000353392  -0.000353392  -0.000353392  -0.000353392  -0.000353392  -0.000353392  -0.000353392  -0.000353392  -0.000627557  -0.000353392  -0.000353392  -0.000353392  -0.000897381
0.001  -0.000306573  -0.000306573  -0.000306573  -0.000306573  -0.000306573  -0.000306573  -0.000306573  -0.000306573  -0.0030025  -0.000306573  -0.000306573  -0.000306573  -0.00172207
0.01  -0.000223464  -0.000223464  -0.000223464  -0.000223464  -0.000223464  -0.000223464  -0.000223464  -0.000223464  -0.00022837  -0.000223464  -0.000223464  -0.000223464  -0.000739621
0.02  -0.000210938  -0.000210938  -0.000210938  -0.000210938  -0.000210938  -0.000210938  -0.000210938  -0.000210938  -0.000241356  -0.000210938  -0.000210938  -0.000210938  -0.000942749
0.03  -0.000201309  -0.000201309  -0.000201309  -0.000201309  -0.000201309  -0.000201309  -0.000201309  -0.000201309  -0.000273484  -0.000201309  -0.000201309  -0.000201309  -0.00114333
0.04  -0.000193178  -0.000193178  -0.000193178  -0.000193178  -0.000193178  -0.000193178  -0.000193178  -0.000193178  -0.000322562  -0.000193178  -0.000193178  -0.000193178  -0.00133834
0.05  -0.000186024  -0.000186024  -0.000186024  -0.000186024  -0.000186024  -0.000186024  -0.000186024  -0.000186024  -0.000387779  -0.000186024  -0.000186024  -0.000186024  -0.00152685
0.06  -0.00017958  -0.00017958  -0.00017958  -0.00017958  -0.00017958  -0.00017958  -0.00017958  -0.00017958  -0.000468764  -0.00017958  -0.00017958  -0.00017958  -0.00170856
0.07  -0.000173685  -0.000173685  -0.000173685  -0.000173685  -0.000173685  -0.000173685  -0.000173685  -0.000173685  -0.000565343  -0.000173685  -0.000173685  -0.000173685  -0.00188341
0.08  -0.000168236  -0.000168236  -0.000168236  -0.000168236  -0.000168236  -0.000168236  -0.000168236  -0.000168236  -0.000677445  -0.000168236  -0.000168236  -0.000168236  -0.00205147
0.09  -0.000163159  -0.000163159  -0.000163159  -0.000163159  -0.000163159  -0.000163159  -0.000163159  -0.000163159  -0.000805055  -0.000163159  -0.000163159  -0.000163159  -0.00221287
0.1  -0.000158397  -0.000158397  -0.000158397  -0.000158397  -0.000158397  -0.000158397  -0.000158397  -0.000158397  -0.000948196  -0.000158397  -0.000158397  -0.000158397  -0.0023678
0.11  -0.000153911  -0.000153911  -0.000153911  -0.000153911  -0.000153911  -0.000153911  -0.000153911  -0.000153911  -0.00110691  -0.000153911  -0.000153911  -0.000153911  -0.00251647
0.12  -0.000149666  -0.000149666  -0.000149666  -0.000149666  -0.000149666  -0.000149666  -0.000149666  -0.000149666  -0.00128125  -0.000149666  -0.000149666  -0.000149666  -0.00265911
0.13  -0.000145636  -0.000145636  -0.000145636  -0.000145636  -0.000145636  -0.000145636  -0.000145636  -0.000145636  -0.00147127  -0.000145636  -0.000145636  -0.000145636  -0.00279596
0.14  -0.0001418  -0.0001418  -0.0001418  -0.0001418  -0.0001418  -0.0001418  -0.0001418  -0.0001418  -0.00167704  -0.0001418  -0.0001418  -0.0001418  -0.00292728
0.15  -0.000138139  -0.000138139  -0.000138139  -0.000138139  -0.000138139  -0.000138139  -0.000138139  -0.000138139  -0.00189862  -0.000138139  -0.000138139  -0.000138139  -0.00305331
0.16  -0.000134638  -0.000134638  -0.000134638  -0.000134638  -0.000134638  -0.000134638  -0.000134638  -0.000134638  -0.00213604  -0.000134638  -0.000134638  -0.000134638  -0.00317434
0.17  -0.000131284  -0.000131284  -0.000131284  -0.000131284  -0.000131284  -0.000131284  -0.000131284  -0.000131284  -0.00238936  -0.000131284  -0.000131284  -0.000131284  -0.00329061
0.18  -0.000128065  -0.000128065  -0.000128065  -0.000128065  -0.000128065  -0.000128065  -0.000128065  -0.000128065  -0.00265861  -0.000128065  -0.000128065  -0.000128065  -0.00340241
0.19  -0.000124971  -0.000124971  -0.000124971  -0.000124971  -0.000124971  -0.000124971  -0.000124971  -0.000124971  -0.00294379  -0.000124971  -0.000124971  -0.000124971  -0.00351001
0.2  -0.000121994  -0.000121994  -0.000121994  -0.000121994  -0.000121994  -0.000121994  -0.000121994  -0.000121994  -0.00324491  -0.000121994  -0.000121994  -0.000121994  -0.00361368
0.21  -0.000119125  -0.000119125  -0.000119125  -0.000119125  -0.000119125  -0.000119125  -0.000119125  -0.000119125  -0.00356194  -0.000119125  -0.000119125  -0.000119125  -0.0037137
0.22  -0.000116358  -0.000116358  -0.000116358  -0.000116358  -0.000116358  -0.000116358  -0.000116358  -0.000116358  -0.00389484  -0.000116358  -0.000116358  -0.000116358  -0.00381034
0.23  -0.000113687  -0.000113687  -0.000113687  -0.000113687  -0.000113687  -0.000113687  -0.000113687  -0.000113687  -0.00424353  -0.000113687  -0.000113687  -0.000113687  -0.00390388
0.24  -0.000111105  -0.000111105  -0.000111105  -0.000111105  -0.000111105  -0.000111105  -0.000111105  -0.000111105  -0.00460792  -0.000111105  -0.000111105  -0.000111105  -0.0039946
0.25  -0.000108608  -0.000108608  -0.000108608  -0.000108608  -0.000108608  -0.000108608  -0.000108608  -0.000108608  -0.00498787  -0.000108608  -0.000108608  -0.000108608  -0.00408279
0.26  -0.000106191  -0.000106191  -0.000106191  -0.000106191  -0.000106191  -0.000106191  -0.000106191  -0.000106191  -0.0053832  -0.000106191  -0.000106191  -0.000106191  -0.00416871
0.27  -0.00010385  -0.00010385  -0.00010385  -0.00010385  -0.00010385  -0.00010385  -0.00010385  -0.00010385  -0.00579372  -0.00010385  -0.00010385  -0.00010385  -0.00425264
0.28  -0.000101581  -0.000101581  -0.000101581  -0.000101581  -0.000101581  -0.000101581  -0.000101581  -0.000101581  -0.00621916  -0.000101581  -0.000101581  -0.000101581  -0.00433488
0.29  -9.93793e-05  -9.93793e-05  -9.93793e-05  -9.93793e-05  -9.93793e-05  -9.93793e-05  -9.93793e-05  -9.93793e-05  -0.00665922  -9.93793e-05  -9.93793e-05  -9.93793e-05  -0.00441569
0.3  -9.72423e-05  -9.72423e-05  -9.72423e-05  -9.72423e-05  -9.72423e-05  -9.72423e-05  -9.72423e-05  -9.72423e-05  -0.00711353  -9.72423e-05  -9.72423e-05  -9.72423e-05  -0.00449536
0.31  -9.51667e-05  -9.51667e-05  -9.51667e-05  -9.51667e-05  -9.51667e-05  -9.51667e-05  -9.51667e-05  -9.51667e-05  -0.00758167  -9.51667e-05  -9.51667e-05  -9.51667e-05  -0.00457416
0.32  -9.31494e-05  -9.31494e-05  -9.31494e-05  -9.31494e-05  -9.31494e-05  -9.31494e-05  -9.31494e-05  -9.31494e-05  -0.00806314  -9.31494e-05  -9.31494e-05  -9.31494e-05  -0.00465238
0.33  -9.11877e-05  -9.11877e-05  -9.11877e-05  -9.11877e-05  -9.11877e-05  -9.11877e-05  -9.11877e-05  -9.11877e-05  -0.00855738  -9.11877e-05  -9.11877e-05  -9.11877e-05  -0.0047303
0.34  -8.92789e-05  -8.92789e-05  -8.92789e-05  -8.92789e-05  -8.92789e-05  -8.92789e-05  -8.92789e-05  -8.92789e-05  -0.00906372  -8.92789e-05  -8.92789e-05  -8.92789e-05  -0.00480819
0.35  -8.74204e-05  -8.74204e-05  -8.74204e-05  -8.74204e-05  -8.74204e-05  -8.74204e-05  -8.74204e-05  -8.74204e-05  -0.00958143  -8.74204e-05  -8.74204e-05  -8.74204e-05  -0.00488633
0.36  -8.56099e-05  -8.56099e-05  -8.56099e-05  -8.56099e-05  -8.56099e-05  -8.56099e-05  -8.56099e-05  -8.56099e-05  -0.0101096  -8.56099e-05  -8.56099e-05  -8.56099e-05  -0.00496501
0.37  -8.38452e-05  -8.38452e-05  -8.38452e-05  -8.38452e-05  -8.38452e-05  -8.38452e-05  -8.38452e-05  -8.38452e-05  -0.0106474  -8.38452e-05  -8.38452e-05  -8.38452e-05  -0.0050445
0.38  -8.2124e-05  -8.2124e-05  -8.2124e-05  -8.2124e-05  -8.2124e-05  -8.2124e-05  -8.2124e-05  -8.2124e-05  -0.0111936  -8.2124e-05  -8.2124e-05  -8.2124e-05  -0.00512508
0.39  -8.04443e-05  -8.04443e-05  -8.04443e-05  -8.04443e-05  -8.04443e-05  -8.04443e-05  -8.04443e-05  -8.04443e-05  -0.0117469  -8.04443e-05  -8.04443e-05  -8.04443e-05  -0.00520703
0.4  -7.88042e-05  -7.88042e-05  -7.88042e-05  -7.88042e-05  -7.88042e-05  -7.88042e-05  -7.88042e-05  -7.88042e-05  -0.0123061  -7.88042e-05  -7.88042e-05  -7.88042e-05  -0.00529063
0.42  -7.5635e-05  -7.5635e-05  -7.5635e-05  -7.5635e-05  -7.5635e-05  -7.5635e-05  -7.5635e-05  -7.5635e-05  -0.0134353  -7.5635e-05  -7.5635e-05  -7.5635e-05  -0.00546389
0.44  -7.2602e-05  -7.2602e-05  -7.2602e-05  -7.2602e-05  -7.2602e-05  -7.2602e-05  -7.2602e-05  -7.2602e-05  -0.0145661  -7.2602e-05  -7.2602e-05  -7.2602e-05  -0.00564709
0.46  -6.9692e-05  -6.9692e-05  -6.9692e-05  -6.9692e-05  -6.9692e-05  -6.9692e-05  -6.9692e-05  -6.9692e-05  -0.0156793  -6.9692e-05  -6.9692e-05  -6.9692e-05  -0.00584244
0.48  -6.68924e-05  -6.68924e-05  -6.68924e-05  -6.68924e-05  -6.68924e-05  -6.68924e-05  -6.68924e-05  -6.68924e-05  -0.0167509  -6.68924e-05  -6.68924e-05  -6.68924e-05  -0.00605217
0.5  -6.41912e-05  -6.41912e-05  -6.41912e-05  -6.41912e-05  -6.41912e-05  -6.41912e-05  -6.41912e-05  -6.41912e-05  -0.0177507  -6.41912e-05  -6.41912e-05  -6.41912e-05  -0.0062785
0.55  -5.77962e-05  -5.77962e-05  -5.77962e-05  -5.77962e-05  -5.77962e-05  -5.77962e-05  -5.77962e-05  -5.77962e-05  -0.0196599  -5.77962e-05  -5.77962e-05  -5.77962e-05  -0.00693148
0.6  -5.17826e-05  -5.17826e-05  -5.17826e-05  -5.17826e-05  -5.17826e-05  -5.17826e-05  -5.17826e-05  -5.17826e-05  -0.0199189  -5.17826e-05  -5.17826e-05  -5.17826e-05  -0.0077366
0.7  -4.03023e-05  -4.03023e-05  -4.03023e-05  -4.03023e-05  -4.03023e-05  -4.03023e-05  -4.03023e-05  -4.03023e-05  -0.00694336  -4.03023e-05  -4.03023e-05  -4.03023e-05  -0.00994186
0.8  -2.86239e-05  -2.86239e-05  -2.86239e-05  -2.86239e-05  -2.86239e-05  -2.86239e-05  -2.86239e-05  -2.86239e-05  0.0698395  -2.86239e-05  -2.86239e-05  -2.86239e-05  -0.013176
0.85  -2.23732e-05  -2.23732e-05  -2.23732e-05  -2.23732e-05  -2.23732e-05  -2.23732e-05  -2.23732e-05  -2.23732e-05  0.195789  -2.23732e-05  -2.23732e-05  -2.23732e-05  -0.0152746
0.9  -1.56635e-05  -1.56635e-05  -1.56635e-05  -1.56635e-05  -1.56635e-05  -1.56635e-05  -1.56635e-05  -1.56635e-05  0.544837  -1.56635e-05  -1.56635e-05  -1.56635e-05  -0.0177633
0.91  -1.42529e-05  -1.42529e-05  -1.42529e-05  -1.42529e-05  -1.42529e-05  -1.42529e-05  -1.42529e-05  -1.42529e-05  0.682331  -1.42529e-05  -1.42529e-05  -1.42529e-05  -0.0183157
0.92  -1.28163e-05  -1.28163e-05  -1.28163e-05  -1.28163e-05  -1.28163e-05  -1.28163e-05  -1.28163e-05  -1.28163e-05  0.865876  -1.28163e-05  -1.28163e-05  -1.28163e-05  -0.0188893
0.93  -1.13519e-05  -1.13519e-05  -1.13519e-05  -1.13519e-05  -1.13519e-05  -1.13519e-05  -1.13519e-05  -1.13519e-05  1.11838  -1.13519e-05  -1.13519e-05  -1.13519e-05  -0.0194865
0.94  -9.85771e-06  -9.85771e-06  -9.85771e-06  -9.85771e-06  -9.85771e-06  -9.85771e-06  -9.85771e-06  -9.85771e-06  1.47959  -9.85771e-06  -9.85771e-06  -9.85771e-06  -0.0201105
0.95  -8.33158e-06  -8.33158e-06  -8.33158e-06  -8.33158e-06  -8.33158e-06  -8.33158e-06  -8.33158e-06  -8.33158e-06  2.02429  -8.33158e-06  -8.33158e-06  -8.33158e-06  -0.0207668
0.96  -6.77051e-06  -6.77051e-06  -6.77051e-06  -6.77051e-06  -6.77051e-06  -6.77051e-06  -6.77051e-06  -6.77051e-06  2.90954  -6.77051e-06  -6.77051e-06  -6.77051e-06  -0.0214647
0.97  -5.17037e-06  -5.17037e-06  -5.17037e-06  -5.17037e-06  -5.17037e-06  -5.17037e-06  -5.17037e-06  -5.17037e-06  4.52265  -5.17037e-06  -5.17037e-06  -5.17037e-06  -0.0222227
0.98  -3.52435e-06  -3.52435e-06  -3.52435e-06  -3.52435e-06  -3.52435e-06  -3.52435e-06  -3.52435e-06  -3.52435e-06  8.10566  -3.52435e-06  -3.52435e-06  -3.52435e-06  -0.0230854
0.99  -1.81793e-06  -1.81793e-06  -1.81793e-06  -1.81793e-06  -1.81793e-06  -1.81793e-06  -1.81793e-06  -1.81793e-06  20.4581  -1.81793e-06  -1.81793e-06  -1.81793e-06  -0.0242088
0.999  -1.84592e-07  -1.84592e-07  -1.84592e-07  -1.84592e-07  -1.84592e-07  -1.84592e-07  -1.84592e-07  -1.84592e-07  -229.841  -1.84592e-07  -1.84592e-07  -1.84592e-07  -0.0266117
0.9999  -9.99769e-09  -9.99769e-09  -9.99769e-09  -9.99769e-09  -9.99769e-09  -9.99769e-09  -9.99769e-09  -9.99769e-09  -30057.9  -9.9978e-09  -9.99769e-09  -9.99769e-09  -0.015249
