1e-05  0  0  0  0  0  0  0  0  -3.83695e-22  0  0  0  0
0.0001  0  0  0  0  0  0  0  0  -3.82751e-21  0  0  0  0
0.001  0  0  0  0  0  0  0  0  -3.8199e-20  0  0  0  0
0.01  0  0  0  0  0  0  0  0  -3.84219e-19  0  0  0  0
0.1  0  0  0  0  0  0  0  0  -4.24161e-18  0  0  0  0
0.3  0  0  0  0  0  0  0  0  -1.20597e-17  0  0  0  0
0.5  0  0  0  0  0  0  0  0  -3.22646e-17  0  0  0  0
0.7  0  0  0  0  0  0  0  0  -7.61415e-17  0  0  0  0
0.9  0  0  0  0  0  0  0  0  -3.41433e-16  0  0  0  0
0.95  0  0  0  0  0  0  0  0  -7.85091e-16  0  0  0  0
0.99  0  0  0  0  0  0  0  0  0.552078  0  0  0  0
0.999  0  0  0  0  0  0  0  0  179.82  0  0  0  0
1  0  0  0  0  0  0  0  0  200  0  0  0  0
