1e-05  0  0  0  0  0  0  0  0  3.9229e-06  0  0  0  0
0.0001  0  0  0  0  0  0  0  0  3.69873e-05  0  0  0  0
0.001  0  0  0  0  0  0  0  0  0.00034241  0  0  0  0
0.01  0  0  0  0  0  0  0  0  0.0029925  0  0  0  0
0.1  0  0  0  0  0  0  0  0  -0.0118631  0  0  0  0
0.3  0  0  0  0  0  0  0  0  0.0421144  0  0  0  0
0.5  0  0  0  0  0  0  0  0  0.44853  0  0  0  0
0.7  0  0  0  0  0  0  0  0  0.257495  0  0  0  0
0.9  0  0  0  0  0  0  0  0  1.50969  0  0  0  0
0.95  0  0  0  0  0  0  0  0  9.38436  0  0  0  0
0.99  0  0  0  0  0  0  0  0  15.682  0  0  0  0
0.999  0  0  0  0  0  0  0  0  13.3711  0  0  0  0
1  0  0  0  0  0  0  0  0  12.318  0  0  0  0
