1e-05  0  0  0  0  0  0  0  0  2.30278e-05  0  0  0  0
0.0001  0  0  0  0  0  0  0  0  0.000171921  0  0  0  0
0.001  0  0  0  0  0  0  0  0  0.00125737  0  0  0  0
0.01  0  0  0  0  0  0  0  0  0.00901029  0  0  0  0
0.1  0  0  0  0  0  0  0  0  0.0667076  0  0  0  0
0.3  0  0  0  0  0  0  0  0  0.208409  0  0  0  0
0.5  0  0  0  0  0  0  0  0  0.416769  0  0  0  0
0.7  0  0  0  0  0  0  0  0  0.756195  0  0  0  0
0.9  0  0  0  0  0  0  0  0  1.52809  0  0  0  0
0.95  0  0  0  0  0  0  0  0  2.06225  0  0  0  0
0.99  0  0  0  0  0  0  0  0  4.03647  0  0  0  0
0.999  0  0  0  0  0  0  0  0  1.86772  0  0  0  0
1  0  0  0  0  0  0  0  0  0.407305  0  0  0  0
