1e-05  0  0  0  0  0  0  0  0  9.73908e-06  0  0  0  0
0.0001  0  0  0  0  0  0  0  0  7.86722e-05  0  0  0  0
0.001  0  0  0  0  0  0  0  0  0.000628131  0  0  0  0
0.01  0  0  0  0  0  0  0  0  0.00497808  0  0  0  0
0.1  0  0  0  0  0  0  0  0  0.0420046  0  0  0  0
0.3  0  0  0  0  0  0  0  0  0.146441  0  0  0  0
0.5  0  0  0  0  0  0  0  0  0.331048  0  0  0  0
0.7  0  0  0  0  0  0  0  0  0.715586  0  0  0  0
0.9  0  0  0  0  0  0  0  0  2.44732  0  0  0  0
0.95  0  0  0  0  0  0  0  0  3.86268  0  0  0  0
0.99  0  0  0  0  0  0  0  0  2.58164  0  0  0  0
0.999  0  0  0  0  0  0  0  0  1.3658  0  0  0  0
1  0  0  0  0  0  0  0  0  0.663485  0  0  0  0
