1e-05  0  0  0  0  0  0  0  0  5.25444e-05  0  0  0  0
0.0001  0  0  0  0  0  0  0  0  0.000420226  0  0  0  0
0.001  0  0  0  0  0  0  0  0  0.00330578  0  0  0  0
0.01  0  0  0  0  0  0  0  0  0.0255181  0  0  0  0
0.1  0  0  0  0  0  0  0  0  0.170987  0  0  0  0
0.3  0  0  0  0  0  0  0  0  0.336975  0  0  0  0
0.5  0  0  0  0  0  0  0  0  0.674204  0  0  0  0
0.7  0  0  0  0  0  0  0  0  0.892401  0  0  0  0
0.9  0  0  0  0  0  0  0  0  2.28462  0  0  0  0
0.95  0  0  0  0  0  0  0  0  3.77713  0  0  0  0
0.99  0  0  0  0  0  0  0  0  10.4811  0  0  0  0
0.999  0  0  0  0  0  0  0  0  21.9973  0  0  0  0
1  0  0  0  0  0  0  0  0  13.7504  0  0  0  0
