1e-05  0  0  0  0  0  0  0  0  3.90051e-05  0  0  0  0
0.0001  0  0  0  0  0  0  0  0  0.000368005  0  0  0  0
0.001  0  0  0  0  0  0  0  0  0.00340004  0  0  0  0
0.01  0  0  0  0  0  0  0  0  0.0296301  0  0  0  0
0.1  0  0  0  0  0  0  0  0  -0.132807  0  0  0  0
0.3  0  0  0  0  0  0  0  0  0.383956  0  0  0  0
0.5  0  0  0  0  0  0  0  0  4.66559  0  0  0  0
0.7  0  0  0  0  0  0  0  0  1.61689  0  0  0  0
0.9  0  0  0  0  0  0  0  0  0.539335  0  0  0  0
0.95  0  0  0  0  0  0  0  0  15.0061  0  0  0  0
0.99  0  0  0  0  0  0  0  0  78.5856  0  0  0  0
0.999  0  0  0  0  0  0  0  0  125.862  0  0  0  0
1  0  0  0  0  0  0  0  0  123.17  0  0  0  0
