1e-05  0  0  0  0  0  0  0  0  1.08308e-05  0  0  0  0
0.0001  0  0  0  0  0  0  0  0  8.6911e-05  0  0  0  0
0.001  0  0  0  0  0  0  0  0  0.000688485  0  0  0  0
0.01  0  0  0  0  0  0  0  0  0.00540203  0  0  0  0
0.1  0  0  0  0  0  0  0  0  0.0444034  0  0  0  0
0.3  0  0  0  0  0  0  0  0  0.153166  0  0  0  0
0.5  0  0  0  0  0  0  0  0  0.343317  0  0  0  0
0.7  0  0  0  0  0  0  0  0  0.731816  0  0  0  0
0.9  0  0  0  0  0  0  0  0  2.48062  0  0  0  0
0.95  0  0  0  0  0  0  0  0  3.90534  0  0  0  0
0.99  0  0  0  0  0  0  0  0  2.54081  0  0  0  0
0.999  0  0  0  0  0  0  0  0  1.48457  0  0  0  0
1  0  0  0  0  0  0  0  0  0.92278  0  0  0  0
