1e-05  0  0  0  0  0  0  0  0  8.86407e-06  0  0  0  0
0.0001  0  0  0  0  0  0  0  0  7.20378e-05  0  0  0  0
0.001  0  0  0  0  0  0  0  0  0.000579205  0  0  0  0
0.01  0  0  0  0  0  0  0  0  0.00463051  0  0  0  0
0.1  0  0  0  0  0  0  0  0  0.0399171  0  0  0  0
0.3  0  0  0  0  0  0  0  0  0.141266  0  0  0  0
0.5  0  0  0  0  0  0  0  0  0.321493  0  0  0  0
0.7  0  0  0  0  0  0  0  0  0.703331  0  0  0  0
0.9  0  0  0  0  0  0  0  0  2.42266  0  0  0  0
0.95  0  0  0  0  0  0  0  0  3.82473  0  0  0  0
0.99  0  0  0  0  0  0  0  0  2.56532  0  0  0  0
0.999  0  0  0  0  0  0  0  0  0.908372  0  0  0  0
1  0  0  0  0  0  0  0  0  0.308322  0  0  0  0
