1e-05  0  0  0  0  0  0  0  0  9.10482e-06  0  0  0  0
0.0001  0  0  0  0  0  0  0  0  7.36174e-05  0  0  0  0
0.001  0  0  0  0  0  0  0  0  0.000588434  0  0  0  0
0.01  0  0  0  0  0  0  0  0  0.00466926  0  0  0  0
0.1  0  0  0  0  0  0  0  0  0.03944  0  0  0  0
0.3  0  0  0  0  0  0  0  0  0.135666  0  0  0  0
0.5  0  0  0  0  0  0  0  0  0.301899  0  0  0  0
0.7  0  0  0  0  0  0  0  0  0.632787  0  0  0  0
0.9  0  0  0  0  0  0  0  0  1.69752  0  0  0  0
0.95  0  0  0  0  0  0  0  0  2.72808  0  0  0  0
0.99  0  0  0  0  0  0  0  0  8.86699  0  0  0  0
0.999  0  0  0  0  0  0  0  0  8.65598  0  0  0  0
1  0  0  0  0  0  0  0  0  2.21626  0  0  0  0
