1e-05  0  0  0  0  0  0  0  0  4.66234e-06  0  0  0  0
0.0001  0  0  0  0  0  0  0  0  4.40874e-05  0  0  0  0
0.001  0  0  0  0  0  0  0  0  0.000416732  0  0  0  0
0.01  0  0  0  0  0  0  0  0  0.00396245  0  0  0  0
0.1  0  0  0  0  0  0  0  0  0.0397924  0  0  0  0
0.3  0  0  0  0  0  0  0  0  0.0615119  0  0  0  0
0.5  0  0  0  0  0  0  0  0  0.155843  0  0  0  0
0.7  0  0  0  0  0  0  0  0  0.239049  0  0  0  0
0.9  0  0  0  0  0  0  0  0  0.823783  0  0  0  0
0.95  0  0  0  0  0  0  0  0  1.75634  0  0  0  0
0.99  0  0  0  0  0  0  0  0  15.1902  0  0  0  0
0.999  0  0  0  0  0  0  0  0  129.475  0  0  0  0
1  0  0  0  0  0  0  0  0  101.058  0  0  0  0
