1e-05  0  0  0  0  0  0  0  0  2.52535e-19  0  0  0  0
0.0001  0  0  0  0  0  0  0  0  2.9843e-18  0  0  0  0
0.001  0  0  0  0  0  0  0  0  3.53357e-17  0  0  0  0
0.01  0  0  0  0  0  0  0  0  4.23529e-16  0  0  0  0
0.1  0  0  0  0  0  0  0  0  1.39962e-14  0  0  0  0
0.3  0  0  0  0  0  0  0  0  -2.30982e-16  0  0  0  0
0.5  0  0  0  0  0  0  0  0  -2.87787e-14  0  0  0  0
0.7  0  0  0  0  0  0  0  0  -3.33035e-15  0  0  0  0
0.9  0  0  0  0  0  0  0  0  -3.99295e-15  0  0  0  0
0.95  0  0  0  0  0  0  0  0  -2.25874e-12  0  0  0  0
0.99  0  0  0  0  0  0  0  0  10.1587  0  0  0  0
0.999  0  0  0  0  0  0  0  0  177.958  0  0  0  0
1  0  0  0  0  0  0  0  0  200  0  0  0  0
