1e-05  0  0  0  0  0  0  0  0  1.6214e-05  0  0  0  0
0.0001  0  0  0  0  0  0  0  0  0.000128239  0  0  0  0
0.001  0  0  0  0  0  0  0  0  0.000997889  0  0  0  0
0.01  0  0  0  0  0  0  0  0  0.00764436  0  0  0  0
0.1  0  0  0  0  0  0  0  0  0.0567661  0  0  0  0
0.3  0  0  0  0  0  0  0  0  0.170425  0  0  0  0
0.5  0  0  0  0  0  0  0  0  0.371522  0  0  0  0
0.7  0  0  0  0  0  0  0  0  0.7607  0  0  0  0
0.9  0  0  0  0  0  0  0  0  2.53094  0  0  0  0
0.95  0  0  0  0  0  0  0  0  4.14556  0  0  0  0
0.99  0  0  0  0  0  0  0  0  3.28933  0  0  0  0
0.999  0  0  0  0  0  0  0  0  1.7034  0  0  0  0
1  0  0  0  0  0  0  0  0  1.28261  0  0  0  0
