1e-05  0  0  0  0  0  0  0  0  8.24758e-07  0  0  0  0
0.0001  0  0  0  0  0  0  0  0  7.82226e-06  0  0  0  0
0.001  0  0  0  0  0  0  0  0  7.41786e-05  0  0  0  0
0.01  0  0  0  0  0  0  0  0  0.000708385  0  0  0  0
0.1  0  0  0  0  0  0  0  0  0.00738526  0  0  0  0
0.3  0  0  0  0  0  0  0  0  0.0259439  0  0  0  0
0.5  0  0  0  0  0  0  0  0  0.0671782  0  0  0  0
0.7  0  0  0  0  0  0  0  0  0.168464  0  0  0  0
0.9  0  0  0  0  0  0  0  0  0.704595  0  0  0  0
0.95  0  0  0  0  0  0  0  0  1.50933  0  0  0  0
0.99  0  0  0  0  0  0  0  0  12.1051  0  0  0  0
0.999  0  0  0  0  0  0  0  0  100.391  0  0  0  0
1  0  0  0  0  0  0  0  0  81.1205  0  0  0  0
