1e-05  0  0  0  0  0  0  0  0  2.2944e-05  0  0  0  0
0.0001  0  0  0  0  0  0  0  0  0.000171729  0  0  0  0
0.001  0  0  0  0  0  0  0  0  0.00126021  0  0  0  0
0.01  0  0  0  0  0  0  0  0  0.0090799  0  0  0  0
0.1  0  0  0  0  0  0  0  0  0.0687952  0  0  0  0
0.3  0  0  0  0  0  0  0  0  0.218348  0  0  0  0
0.5  0  0  0  0  0  0  0  0  0.441179  0  0  0  0
0.7  0  0  0  0  0  0  0  0  0.81276  0  0  0  0
0.9  0  0  0  0  0  0  0  0  1.79105  0  0  0  0
0.95  0  0  0  0  0  0  0  0  1.91894  0  0  0  0
0.99  0  0  0  0  0  0  0  0  0.801023  0  0  0  0
0.999  0  0  0  0  0  0  0  0  0.164046  0  0  0  0
1  0  0  0  0  0  0  0  0  0.0320385  0  0  0  0
