1e-05  0  0  0  0  0  0  0  0  5.08828e-06  0  0  0  0
0.0001  0  0  0  0  0  0  0  0  4.32909e-05  0  0  0  0
0.001  0  0  0  0  0  0  0  0  0.000365698  0  0  0  0
0.01  0  0  0  0  0  0  0  0  0.00308321  0  0  0  0
0.1  0  0  0  0  0  0  0  0  0.0276426  0  0  0  0
0.3  0  0  0  0  0  0  0  0  0.0956761  0  0  0  0
0.5  0  0  0  0  0  0  0  0  0.225389  0  0  0  0
0.7  0  0  0  0  0  0  0  0  0.503542  0  0  0  0
0.9  0  0  0  0  0  0  0  0  1.60497  0  0  0  0
0.95  0  0  0  0  0  0  0  0  2.89355  0  0  0  0
0.99  0  0  0  0  0  0  0  0  13.2519  0  0  0  0
0.999  0  0  0  0  0  0  0  0  23.1672  0  0  0  0
1  0  0  0  0  0  0  0  0  11.7639  0  0  0  0
