1e-05  0  0  0  0  0  0  0  0  1.23359e-14  0  0  0  0
0.0001  0  0  0  0  0  0  0  0  1.23371e-13  0  0  0  0
0.001  0  0  0  0  0  0  0  0  1.23485e-12  0  0  0  0
0.01  0  0  0  0  0  0  0  0  1.24659e-11  0  0  0  0
0.1  0  0  0  0  0  0  0  0  1.39042e-10  0  0  0  0
0.3  0  0  0  0  0  0  0  0  5.54254e-10  0  0  0  0
0.5  0  0  0  0  0  0  0  0  1.52823e-09  0  0  0  0
0.7  0  0  0  0  0  0  0  0  4.4497e-09  0  0  0  0
0.9  0  0  0  0  0  0  0  0  0.0116805  0  0  0  0
0.95  0  0  0  0  0  0  0  0  10  0  0  0  0
0.99  0  0  0  0  0  0  0  0  18  0  0  0  0
0.999  0  0  0  0  0  0  0  0  19.8  0  0  0  0
1  0  0  0  0  0  0  0  0  20  0  0  0  0
