1e-05  0  0  0  0  0  0  0  0  2.11132e-11  0  0  0  0
0.0001  0  0  0  0  0  0  0  0  2.11151e-10  0  0  0  0
0.001  0  0  0  0  0  0  0  0  2.11341e-09  0  0  0  0
0.01  0  0  0  0  0  0  0  0  2.13283e-08  0  0  0  0
0.1  0  0  0  0  0  0  0  0  2.36935e-07  0  0  0  0
0.3  0  0  0  0  0  0  0  0  6.59127e-07  0  0  0  0
0.5  0  0  0  0  0  0  0  0  1.76695e-06  0  0  0  0
0.7  0  0  0  0  0  0  0  0  4.12094e-06  0  0  0  0
0.9  0  0  0  0  0  0  0  0  1.84618e-05  0  0  0  0
0.95  0  0  0  0  0  0  0  0  4.24743e-05  0  0  0  0
0.99  0  0  0  0  0  0  0  0  0.558142  0  0  0  0
0.999  0  0  0  0  0  0  0  0  179.998  0  0  0  0
1  0  0  0  0  0  0  0  0  199.996  0  0  0  0
