1e-05  0  0  0  0  0  0  0  0  6.48162e-05  0  0  0  0
0.0001  0  0  0  0  0  0  0  0  0.000504526  0  0  0  0
0.001  0  0  0  0  0  0  0  0  0.00384779  0  0  0  0
0.01  0  0  0  0  0  0  0  0  0.0286117  0  0  0  0
0.1  0  0  0  0  0  0  0  0  0.181793  0  0  0  0
0.3  0  0  0  0  0  0  0  0  0.366023  0  0  0  0
0.5  0  0  0  0  0  0  0  0  0.707389  0  0  0  0
0.7  0  0  0  0  0  0  0  0  0.948923  0  0  0  0
0.9  0  0  0  0  0  0  0  0  2.31287  0  0  0  0
0.95  0  0  0  0  0  0  0  0  3.66487  0  0  0  0
0.99  0  0  0  0  0  0  0  0  8.89844  0  0  0  0
0.999  0  0  0  0  0  0  0  0  14.7613  0  0  0  0
1  0  0  0  0  0  0  0  0  9.22684  0  0  0  0
