1e-05  0  0  0  0  0  0  0  0  1.61575e-05  0  0  0  0
0.0001  0  0  0  0  0  0  0  0  0.000124804  0  0  0  0
0.001  0  0  0  0  0  0  0  0  0.000948627  0  0  0  0
0.01  0  0  0  0  0  0  0  0  0.00711681  0  0  0  0
0.1  0  0  0  0  0  0  0  0  0.0567608  0  0  0  0
0.3  0  0  0  0  0  0  0  0  0.188444  0  0  0  0
0.5  0  0  0  0  0  0  0  0  0.399664  0  0  0  0
0.7  0  0  0  0  0  0  0  0  0.789108  0  0  0  0
0.9  0  0  0  0  0  0  0  0  2.073  0  0  0  0
0.95  0  0  0  0  0  0  0  0  2.55357  0  0  0  0
0.99  0  0  0  0  0  0  0  0  1.28511  0  0  0  0
0.999  0  0  0  0  0  0  0  0  0.325999  0  0  0  0
1  0  0  0  0  0  0  0  0  0.0792237  0  0  0  0
