1e-05  0  0  0  0  0  0  0  0  2.98567e-10  0  0  0  0
0.0001  0  0  0  0  0  0  0  0  2.98589e-09  0  0  0  0
0.001  0  0  0  0  0  0  0  0  2.98853e-08  0  0  0  0
0.01  0  0  0  0  0  0  0  0  3.01594e-07  0  0  0  0
0.1  0  0  0  0  0  0  0  0  3.35032e-06  0  0  0  0
0.3  0  0  0  0  0  0  0  0  9.32066e-06  0  0  0  0
0.5  0  0  0  0  0  0  0  0  2.4986e-05  0  0  0  0
0.7  0  0  0  0  0  0  0  0  5.82741e-05  0  0  0  0
0.9  0  0  0  0  0  0  0  0  0.000261061  0  0  0  0
0.95  0  0  0  0  0  0  0  0  0.0006006  0  0  0  0
0.99  0  0  0  0  0  0  0  0  0.563557  0  0  0  0
0.999  0  0  0  0  0  0  0  0  179.969  0  0  0  0
1  0  0  0  0  0  0  0  0  199.948  0  0  0  0
