1e-05  0  0  0.111992  0.111992  0.111992  0.111992  0.111992  0.111992  0.112001  0.111992  0.111992  0.111992  8.30564
0.0001  0  0  0.0679148  0.0679148  0.0679148  0.0679148  0.0679148  0.0679148  0.0679868  0.0679148  0.0679148  0.0679148  4.63233
0.001  0  0  0.0396086  0.0396086  0.0396086  0.0396086  0.0396086  0.0396086  0.0401878  0.0396086  0.0396086  0.0396086  2.44364
0.01  0  0  0.0215298  0.0215298  0.0215298  0.0215298  0.0215298  0.0215298  0.0261603  0.0215298  0.0215298  0.0215298  1.19269
0.1  0  0  0.00887061  0.00887061  0.00887061  0.00887061  0.00887061  0.00887061  0.0487877  0.00887061  0.00887061  0.00887061  0.498232
0.3  0  0  0.00392925  0.00392925  0.00392925  0.00392925  0.00392925  0.00392925  0.145196  0.00392925  0.00392925  0.00392925  0.269615
0.5  0  0  0.0019734  0.0019734  0.0019734  0.0019734  0.0019734  0.0019734  0.323466  0.0019734  0.0019734  0.0019734  0.173011
0.7  0  0  0.000810742  0.000810742  0.000810742  0.000810742  0.000810742  0.000810742  0.704142  0.000810742  0.000810742  0.000810742  0.106627
0.9  0  0  9.76103e-05  9.76103e-05  9.76103e-05  9.76103e-05  9.76103e-05  9.76103e-05  2.42275  9.76103e-05  9.76103e-05  9.76103e-05  0.0391671
0.95  0  0  1.91249e-05  1.91249e-05  1.91249e-05  1.91249e-05  1.91249e-05  1.91249e-05  3.82475  1.91249e-05  1.91249e-05  1.91249e-05  0.0157335
0.99  0  0  3.40307e-07  3.40307e-07  3.40307e-07  3.40307e-07  3.40307e-07  3.40307e-07  2.56533  3.40307e-07  3.40307e-07  3.40307e-07  0.00131432
0.999  0  0  1.3614e-09  1.3614e-09  1.3614e-09  1.3614e-09  1.3614e-09  1.3614e-09  0.908474  1.3614e-09  1.3614e-09  1.3614e-09  4.16305e-05
1  0  0  1.36586e-11  1.36586e-11  1.36586e-11  1.36586e-11  1.36586e-11  1.36586e-11  0.30848  1.36586e-11  1.36586e-11  1.36586e-11  1.60184e-06
