1e-05  0  0  0  0  0  0  0  0  2.98586e-11  0  0  0  0
0.0001  0  0  0  0  0  0  0  0  2.98612e-10  0  0  0  0
0.001  0  0  0  0  0  0  0  0  2.98881e-09  0  0  0  0
0.01  0  0  0  0  0  0  0  0  3.01627e-08  0  0  0  0
0.1  0  0  0  0  0  0  0  0  3.35076e-07  0  0  0  0
0.3  0  0  0  0  0  0  0  0  9.32144e-07  0  0  0  0
0.5  0  0  0  0  0  0  0  0  2.49884e-06  0  0  0  0
0.7  0  0  0  0  0  0  0  0  5.82788e-06  0  0  0  0
0.9  0  0  0  0  0  0  0  0  2.61089e-05  0  0  0  0
0.95  0  0  0  0  0  0  0  0  6.00675e-05  0  0  0  0
0.99  0  0  0  0  0  0  0  0  0.558312  0  0  0  0
0.999  0  0  0  0  0  0  0  0  179.997  0  0  0  0
1  0  0  0  0  0  0  0  0  199.995  0  0  0  0
