1e-05  0  0  0  0  0  0  0  0  1.78994e-05  0  0  0  0
0.0001  0  0  0  0  0  0  0  0  0.000136754  0  0  0  0
0.001  0  0  0  0  0  0  0  0  0.00102625  0  0  0  0
0.01  0  0  0  0  0  0  0  0  0.00757486  0  0  0  0
0.1  0  0  0  0  0  0  0  0  0.0581385  0  0  0  0
0.3  0  0  0  0  0  0  0  0  0.186908  0  0  0  0
0.5  0  0  0  0  0  0  0  0  0.3865  0  0  0  0
0.7  0  0  0  0  0  0  0  0  0.733144  0  0  0  0
0.9  0  0  0  0  0  0  0  0  1.62378  0  0  0  0
0.95  0  0  0  0  0  0  0  0  2.32056  0  0  0  0
0.99  0  0  0  0  0  0  0  0  5.34561  0  0  0  0
0.999  0  0  0  0  0  0  0  0  3.0802  0  0  0  0
1  0  0  0  0  0  0  0  0  0.792236  0  0  0  0
