1e-05  0  0  0  0  0  0  0  0  8.26538e-07  0  0  0  0
0.0001  0  0  0  0  0  0  0  0  7.8392e-06  0  0  0  0
0.001  0  0  0  0  0  0  0  0  7.43398e-05  0  0  0  0
0.01  0  0  0  0  0  0  0  0  0.000709931  0  0  0  0
0.1  0  0  0  0  0  0  0  0  0.00740173  0  0  0  0
0.3  0  0  0  0  0  0  0  0  0.0260214  0  0  0  0
0.5  0  0  0  0  0  0  0  0  0.0673798  0  0  0  0
0.7  0  0  0  0  0  0  0  0  0.169009  0  0  0  0
0.9  0  0  0  0  0  0  0  0  0.706954  0  0  0  0
0.95  0  0  0  0  0  0  0  0  1.51447  0  0  0  0
0.99  0  0  0  0  0  0  0  0  12.1637  0  0  0  0
0.999  0  0  0  0  0  0  0  0  100.482  0  0  0  0
1  0  0  0  0  0  0  0  0  81.1205  0  0  0  0
