1e-05  0  0  0  0  0  0  0  0  1.00697e-05  0  0  0  0
0.0001  0  0  0  0  0  0  0  0  8.09345e-05  0  0  0  0
0.001  0  0  0  0  0  0  0  0  0.000642432  0  0  0  0
0.01  0  0  0  0  0  0  0  0  0.00505359  0  0  0  0
0.1  0  0  0  0  0  0  0  0  0.0418221  0  0  0  0
0.3  0  0  0  0  0  0  0  0  0.141219  0  0  0  0
0.5  0  0  0  0  0  0  0  0  0.312175  0  0  0  0
0.7  0  0  0  0  0  0  0  0  0.645949  0  0  0  0
0.9  0  0  0  0  0  0  0  0  1.72213  0  0  0  0
0.95  0  0  0  0  0  0  0  0  2.76658  0  0  0  0
0.99  0  0  0  0  0  0  0  0  8.95212  0  0  0  0
0.999  0  0  0  0  0  0  0  0  8.51312  0  0  0  0
1  0  0  0  0  0  0  0  0  3.08321  0  0  0  0
