1e-05  0  0  0  0  0  0  0  0  1.02227e-06  0  0  0  0
0.0001  0  0  0  0  0  0  0  0  9.68386e-06  0  0  0  0
0.001  0  0  0  0  0  0  0  0  9.17143e-05  0  0  0  0
0.01  0  0  0  0  0  0  0  0  0.000874493  0  0  0  0
0.1  0  0  0  0  0  0  0  0  0.00905468  0  0  0  0
0.3  0  0  0  0  0  0  0  0  0.0286177  0  0  0  0
0.5  0  0  0  0  0  0  0  0  0.073878  0  0  0  0
0.7  0  0  0  0  0  0  0  0  0.176012  0  0  0  0
0.9  0  0  0  0  0  0  0  0  0.719384  0  0  0  0
0.95  0  0  0  0  0  0  0  0  1.5402  0  0  0  0
0.99  0  0  0  0  0  0  0  0  12.3182  0  0  0  0
0.999  0  0  0  0  0  0  0  0  101.218  0  0  0  0
1  0  0  0  0  0  0  0  0  86.6697  0  0  0  0
