1e-05  0  0  0  0  0  0  0  0  2.98588e-15  0  0  0  0
0.0001  0  0  0  0  0  0  0  0  2.98615e-14  0  0  0  0
0.001  0  0  0  0  0  0  0  0  2.98884e-13  0  0  0  0
0.01  0  0  0  0  0  0  0  0  3.01631e-12  0  0  0  0
0.1  0  0  0  0  0  0  0  0  3.35081e-11  0  0  0  0
0.3  0  0  0  0  0  0  0  0  9.32153e-11  0  0  0  0
0.5  0  0  0  0  0  0  0  0  2.49887e-10  0  0  0  0
0.7  0  0  0  0  0  0  0  0  5.82794e-10  0  0  0  0
0.9  0  0  0  0  0  0  0  0  2.61092e-09  0  0  0  0
0.95  0  0  0  0  0  0  0  0  6.00684e-09  0  0  0  0
0.99  0  0  0  0  0  0  0  0  0.55773  0  0  0  0
0.999  0  0  0  0  0  0  0  0  180  0  0  0  0
1  0  0  0  0  0  0  0  0  200  0  0  0  0
