1e-05  0  0  0  0  0  0  0  0  0.000286512  0  0  0  0
0.0001  0  0  0  0  0  0  0  0  0.0022732  0  0  0  0
0.001  0  0  0  0  0  0  0  0  0.0228995  0  0  0  0
0.01  0  0  0  0  0  0  0  0  0.161116  0  0  0  0
0.1  0  0  0  0  0  0  0  0  -0.128308  0  0  0  0
0.3  0  0  0  0  0  0  0  0  2.66666  0  0  0  0
0.5  0  0  0  0  0  0  0  0  7.39831  0  0  0  0
0.7  0  0  0  0  0  0  0  0  3.67266  0  0  0  0
0.9  0  0  0  0  0  0  0  0  8.80115  0  0  0  0
0.95  0  0  0  0  0  0  0  0  11.1223  0  0  0  0
0.99  0  0  0  0  0  0  0  0  33.1128  0  0  0  0
0.999  0  0  0  0  0  0  0  0  22.1685  0  0  0  0
1  0  0  0  0  0  0  0  0  17.8146  0  0  0  0
