1e-05  0  0  0  0  0  0  0  0  0.000286271  0  0  0  0
0.0001  0  0  0  0  0  0  0  0  0.00226935  0  0  0  0
0.001  0  0  0  0  0  0  0  0  0.0228989  0  0  0  0
0.01  0  0  0  0  0  0  0  0  0.161168  0  0  0  0
0.1  0  0  0  0  0  0  0  0  -0.128225  0  0  0  0
0.3  0  0  0  0  0  0  0  0  2.66677  0  0  0  0
0.5  0  0  0  0  0  0  0  0  7.40257  0  0  0  0
0.7  0  0  0  0  0  0  0  0  3.67211  0  0  0  0
0.9  0  0  0  0  0  0  0  0  8.78153  0  0  0  0
0.95  0  0  0  0  0  0  0  0  11.1465  0  0  0  0
0.99  0  0  0  0  0  0  0  0  33.233  0  0  0  0
0.999  0  0  0  0  0  0  0  0  22.1791  0  0  0  0
1  0  0  0  0  0  0  0  0  17.7736  0  0  0  0
