1e-05  0  0  0  0  0  0  0  0  1.99504e-06  0  0  0  0
0.0001  0  0  0  0  0  0  0  0  1.89146e-05  0  0  0  0
0.001  0  0  0  0  0  0  0  0  0.00017902  0  0  0  0
0.01  0  0  0  0  0  0  0  0  0.00170499  0  0  0  0
0.1  0  0  0  0  0  0  0  0  0.0183813  0  0  0  0
0.3  0  0  0  0  0  0  0  0  0.038471  0  0  0  0
0.5  0  0  0  0  0  0  0  0  0.0994761  0  0  0  0
0.7  0  0  0  0  0  0  0  0  0.221177  0  0  0  0
0.9  0  0  0  0  0  0  0  0  1.48057  0  0  0  0
0.95  0  0  0  0  0  0  0  0  8.73994  0  0  0  0
0.99  0  0  0  0  0  0  0  0  12.8581  0  0  0  0
0.999  0  0  0  0  0  0  0  0  13.359  0  0  0  0
1  0  0  0  0  0  0  0  0  11.5331  0  0  0  0
