1e-05  0  0  0  0  0  0  0  0  7.77389e-06  0  0  0  0
0.0001  0  0  0  0  0  0  0  0  6.38683e-05  0  0  0  0
0.001  0  0  0  0  0  0  0  0  0.000519335  0  0  0  0
0.01  0  0  0  0  0  0  0  0  0.0041971  0  0  0  0
0.1  0  0  0  0  0  0  0  0  0.0358368  0  0  0  0
0.3  0  0  0  0  0  0  0  0  0.122696  0  0  0  0
0.5  0  0  0  0  0  0  0  0  0.278355  0  0  0  0
0.7  0  0  0  0  0  0  0  0  0.594954  0  0  0  0
0.9  0  0  0  0  0  0  0  0  1.70596  0  0  0  0
0.95  0  0  0  0  0  0  0  0  2.87131  0  0  0  0
0.99  0  0  0  0  0  0  0  0  10.6703  0  0  0  0
0.999  0  0  0  0  0  0  0  0  12.7534  0  0  0  0
1  0  0  0  0  0  0  0  0  5.29667  0  0  0  0
