1e-05  0  0  0  0  0  0  0  0  1.02162e-06  0  0  0  0
0.0001  0  0  0  0  0  0  0  0  9.67761e-06  0  0  0  0
0.001  0  0  0  0  0  0  0  0  9.16541e-05  0  0  0  0
0.01  0  0  0  0  0  0  0  0  0.000873906  0  0  0  0
0.1  0  0  0  0  0  0  0  0  0.00904781  0  0  0  0
0.3  0  0  0  0  0  0  0  0  0.0285447  0  0  0  0
0.5  0  0  0  0  0  0  0  0  0.0736874  0  0  0  0
0.7  0  0  0  0  0  0  0  0  0.175471  0  0  0  0
0.9  0  0  0  0  0  0  0  0  0.717027  0  0  0  0
0.95  0  0  0  0  0  0  0  0  1.53505  0  0  0  0
0.99  0  0  0  0  0  0  0  0  12.2592  0  0  0  0
0.999  0  0  0  0  0  0  0  0  101.127  0  0  0  0
1  0  0  0  0  0  0  0  0  86.6697  0  0  0  0
