1e-05  0  0  0  0  0  0  0  0  9.46258e-06  0  0  0  0
0.0001  0  0  0  0  0  0  0  0  8.94977e-05  0  0  0  0
0.001  0  0  0  0  0  0  0  0  0.000846152  0  0  0  0
0.01  0  0  0  0  0  0  0  0  0.00804686  0  0  0  0
0.1  0  0  0  0  0  0  0  0  0.0772311  0  0  0  0
0.3  0  0  0  0  0  0  0  0  0.120689  0  0  0  0
0.5  0  0  0  0  0  0  0  0  0.300603  0  0  0  0
0.7  0  0  0  0  0  0  0  0  0.319283  0  0  0  0
0.9  0  0  0  0  0  0  0  0  0.957428  0  0  0  0
0.95  0  0  0  0  0  0  0  0  2.03223  0  0  0  0
0.99  0  0  0  0  0  0  0  0  18.9131  0  0  0  0
0.999  0  0  0  0  0  0  0  0  129.684  0  0  0  0
1  0  0  0  0  0  0  0  0  107.963  0  0  0  0
