1e-05  0  0  0  0  0  0  0  0  2.96395e-05  0  0  0  0
0.0001  0  0  0  0  0  0  0  0  0.000279786  0  0  0  0
0.001  0  0  0  0  0  0  0  0  0.00264712  0  0  0  0
0.01  0  0  0  0  0  0  0  0  0.0252459  0  0  0  0
0.1  0  0  0  0  0  0  0  0  0.272522  0  0  0  0
0.3  0  0  0  0  0  0  0  0  0.367  0  0  0  0
0.5  0  0  0  0  0  0  0  0  0.87737  0  0  0  0
0.7  0  0  0  0  0  0  0  0  0.968189  0  0  0  0
0.9  0  0  0  0  0  0  0  0  1.52625  0  0  0  0
0.95  0  0  0  0  0  0  0  0  -2.59322  0  0  0  0
0.99  0  0  0  0  0  0  0  0  48.1032  0  0  0  0
0.999  0  0  0  0  0  0  0  0  122.828  0  0  0  0
1  0  0  0  0  0  0  0  0  119.859  0  0  0  0
