1e-05  0  0  0  0  0  0  0  0  1.10926e-06  0  0  0  0
0.0001  0  0  0  0  0  0  0  0  1.05124e-05  0  0  0  0
0.001  0  0  0  0  0  0  0  0  9.96074e-05  0  0  0  0
0.01  0  0  0  0  0  0  0  0  0.000950243  0  0  0  0
0.1  0  0  0  0  0  0  0  0  0.00961882  0  0  0  0
0.3  0  0  0  0  0  0  0  0  0.0311968  0  0  0  0
0.5  0  0  0  0  0  0  0  0  0.0820475  0  0  0  0
0.7  0  0  0  0  0  0  0  0  0.205716  0  0  0  0
0.9  0  0  0  0  0  0  0  0  1.43197  0  0  0  0
0.95  0  0  0  0  0  0  0  0  8.69536  0  0  0  0
0.99  0  0  0  0  0  0  0  0  12.6194  0  0  0  0
0.999  0  0  0  0  0  0  0  0  13.6396  0  0  0  0
1  0  0  0  0  0  0  0  0  10.7963  0  0  0  0
