1e-05  0  0  0  0  0  0  0  0  1.02226e-06  0  0  0  0
0.0001  0  0  0  0  0  0  0  0  9.68382e-06  0  0  0  0
0.001  0  0  0  0  0  0  0  0  9.17138e-05  0  0  0  0
0.01  0  0  0  0  0  0  0  0  0.000874487  0  0  0  0
0.1  0  0  0  0  0  0  0  0  0.0090546  0  0  0  0
0.3  0  0  0  0  0  0  0  0  0.0286176  0  0  0  0
0.5  0  0  0  0  0  0  0  0  0.0738777  0  0  0  0
0.7  0  0  0  0  0  0  0  0  0.176012  0  0  0  0
0.9  0  0  0  0  0  0  0  0  0.719385  0  0  0  0
0.95  0  0  0  0  0  0  0  0  1.5402  0  0  0  0
0.99  0  0  0  0  0  0  0  0  12.3181  0  0  0  0
0.999  0  0  0  0  0  0  0  0  101.217  0  0  0  0
1  0  0  0  0  0  0  0  0  86.6711  0  0  0  0
