1e-05  0  0  0  0  0  0  0  0  1.93342e-05  0  0  0  0
0.0001  0  0  0  0  0  0  0  0  0.000183198  0  0  0  0
0.001  0  0  0  0  0  0  0  0  0.00173271  0  0  0  0
0.01  0  0  0  0  0  0  0  0  0.016485  0  0  0  0
0.1  0  0  0  0  0  0  0  0  0.179043  0  0  0  0
0.3  0  0  0  0  0  0  0  0  0.244805  0  0  0  0
0.5  0  0  0  0  0  0  0  0  0.599635  0  0  0  0
0.7  0  0  0  0  0  0  0  0  0.626676  0  0  0  0
0.9  0  0  0  0  0  0  0  0  1.27622  0  0  0  0
0.95  0  0  0  0  0  0  0  0  2.51065  0  0  0  0
0.99  0  0  0  0  0  0  0  0  26.6875  0  0  0  0
0.999  0  0  0  0  0  0  0  0  128.308  0  0  0  0
1  0  0  0  0  0  0  0  0  115.332  0  0  0  0
