1e-05  0  0  0  0  0  0  0  0  2.99767e-06  0  0  0  0
0.0001  0  0  0  0  0  0  0  0  2.83043e-05  0  0  0  0
0.001  0  0  0  0  0  0  0  0  0.000267858  0  0  0  0
0.01  0  0  0  0  0  0  0  0  0.00255523  0  0  0  0
0.1  0  0  0  0  0  0  0  0  0.0275416  0  0  0  0
0.3  0  0  0  0  0  0  0  0  0.0426431  0  0  0  0
0.5  0  0  0  0  0  0  0  0  0.10622  0  0  0  0
0.7  0  0  0  0  0  0  0  0  0.238987  0  0  0  0
0.9  0  0  0  0  0  0  0  0  1.62828  0  0  0  0
0.95  0  0  0  0  0  0  0  0  8.60565  0  0  0  0
0.99  0  0  0  0  0  0  0  0  14.7497  0  0  0  0
0.999  0  0  0  0  0  0  0  0  13.3219  0  0  0  0
1  0  0  0  0  0  0  0  0  11.9863  0  0  0  0
