1e-05  0  0  0  0  0  0  0  0  6.74536e-06  0  0  0  0
0.0001  0  0  0  0  0  0  0  0  5.60239e-05  0  0  0  0
0.001  0  0  0  0  0  0  0  0  0.000461297  0  0  0  0
0.01  0  0  0  0  0  0  0  0  0.003787  0  0  0  0
0.1  0  0  0  0  0  0  0  0  0.0336864  0  0  0  0
0.3  0  0  0  0  0  0  0  0  0.122096  0  0  0  0
0.5  0  0  0  0  0  0  0  0  0.285531  0  0  0  0
0.7  0  0  0  0  0  0  0  0  0.650294  0  0  0  0
0.9  0  0  0  0  0  0  0  0  2.5021  0  0  0  0
0.95  0  0  0  0  0  0  0  0  4.44977  0  0  0  0
0.99  0  0  0  0  0  0  0  0  3.35592  0  0  0  0
0.999  0  0  0  0  0  0  0  0  1.3653  0  0  0  0
1  0  0  0  0  0  0  0  0  0.529667  0  0  0  0
