1e-05  0  0  0  0  0  0  0  0  0.000643921  0  0  0  0
0.0001  0  0  0  0  0  0  0  0  -0.00352382  0  0  0  0
0.001  0  0  0  0  0  0  0  0  0.0158883  0  0  0  0
0.01  0  0  0  0  0  0  0  0  0.0664406  0  0  0  0
0.1  0  0  0  0  0  0  0  0  0.581017  0  0  0  0
0.3  0  0  0  0  0  0  0  0  -0.169969  0  0  0  0
0.5  0  0  0  0  0  0  0  0  -0.823797  0  0  0  0
0.7  0  0  0  0  0  0  0  0  0.823776  0  0  0  0
0.9  0  0  0  0  0  0  0  0  2.45236  0  0  0  0
0.95  0  0  0  0  0  0  0  0  3.75462  0  0  0  0
0.99  0  0  0  0  0  0  0  0  4.00686  0  0  0  0
0.999  0  0  0  0  0  0  0  0  2.25802  0  0  0  0
1  0  0  0  0  0  0  0  0  1.97962  0  0  0  0
