1e-05  0.000710869  0.000710869  0.000897652  0.000897652  0.000897652  0.000897652  0.000897652  0.000897652  0.000899079  0.000897652  0.000897652  0.000897652  0.00200169
0.0001  0.00064281  0.00064281  0.000821061  0.000821061  0.000821061  0.000821061  0.000821061  0.000821061  0.000834685  0.000821061  0.000821061  0.000821061  0.00183285
0.001  0.000576817  0.000576817  0.000745827  0.000745827  0.000745827  0.000745827  0.000745827  0.000745827  0.000875996  0.000745827  0.000745827  0.000745827  0.00168604
0.01  0.000496096  0.000496096  0.000649342  0.000649342  0.000649342  0.000649342  0.000649342  0.000649342  0.00238885  0.000649342  0.000649342  0.000649342  0.00183951
0.02  0.000459888  0.000459888  0.000603946  0.000603946  0.000603946  0.000603946  0.000603946  0.000603946  0.0040591  0.000603946  0.000603946  0.000603946  0.00209698
0.03  0.000434105  0.000434105  0.000571127  0.000571127  0.000571127  0.000571127  0.000571127  0.000571127  0.00574872  0.000571127  0.000571127  0.000571127  0.00236052
0.04  0.000413234  0.000413234  0.000544342  0.000544342  0.000544342  0.000544342  0.000544342  0.000544342  0.00745914  0.000544342  0.000544342  0.000544342  0.00261882
0.05  0.000395378  0.000395378  0.000521304  0.000521304  0.000521304  0.000521304  0.000521304  0.000521304  0.00919297  0.000521304  0.000521304  0.000521304  0.00286875
0.06  0.000379621  0.000379621  0.000500895  0.000500895  0.000500895  0.000500895  0.000500895  0.000500895  0.0109529  0.000500895  0.000500895  0.000500895  0.00310924
0.07  0.000365437  0.000365437  0.000482472  0.000482472  0.000482472  0.000482472  0.000482472  0.000482472  0.0127418  0.000482472  0.000482472  0.000482472  0.00333997
0.08  0.000352493  0.000352493  0.000465621  0.000465621  0.000465621  0.000465621  0.000465621  0.000465621  0.0145622  0.000465621  0.000465621  0.000465621  0.003561
0.09  0.00034056  0.00034056  0.000450058  0.000450058  0.000450058  0.000450058  0.000450058  0.000450058  0.0164169  0.000450058  0.000450058  0.000450058  0.00377255
0.1  0.000329473  0.000329473  0.000435577  0.000435577  0.000435577  0.000435577  0.000435577  0.000435577  0.0183088  0.000435577  0.000435577  0.000435577  0.00397492
0.11  0.00031911  0.00031911  0.000422023  0.000422023  0.000422023  0.000422023  0.000422023  0.000422023  0.0202409  0.000422023  0.000422023  0.000422023  0.00416849
0.12  0.000309374  0.000309374  0.000409276  0.000409276  0.000409276  0.000409276  0.000409276  0.000409276  0.022216  0.000409276  0.000409276  0.000409276  0.00435366
0.13  0.00030019  0.00030019  0.000397239  0.000397239  0.000397239  0.000397239  0.000397239  0.000397239  0.0242375  0.000397239  0.000397239  0.000397239  0.00453085
0.14  0.000291496  0.000291496  0.000385836  0.000385836  0.000385836  0.000385836  0.000385836  0.000385836  0.0263084  0.000385836  0.000385836  0.000385836  0.00470049
0.15  0.000283243  0.000283243  0.000375002  0.000375002  0.000375002  0.000375002  0.000375002  0.000375002  0.0284322  0.000375002  0.000375002  0.000375002  0.00486303
0.16  0.000275387  0.000275387  0.000364683  0.000364683  0.000364683  0.000364683  0.000364683  0.000364683  0.0306125  0.000364683  0.000364683  0.000364683  0.0050189
0.17  0.000267893  0.000267893  0.000354834  0.000354834  0.000354834  0.000354834  0.000354834  0.000354834  0.032853  0.000354834  0.000354834  0.000354834  0.00516855
0.18  0.000260729  0.000260729  0.000345414  0.000345414  0.000345414  0.000345414  0.000345414  0.000345414  0.0351575  0.000345414  0.000345414  0.000345414  0.00531241
0.19  0.000253871  0.000253871  0.00033639  0.00033639  0.00033639  0.00033639  0.00033639  0.00033639  0.0375302  0.00033639  0.00033639  0.00033639  0.00545091
0.2  0.000247293  0.000247293  0.000327732  0.000327732  0.000327732  0.000327732  0.000327732  0.000327732  0.0399754  0.000327732  0.000327732  0.000327732  0.0055845
0.21  0.000240976  0.000240976  0.000319413  0.000319413  0.000319413  0.000319413  0.000319413  0.000319413  0.0424975  0.000319413  0.000319413  0.000319413  0.00571361
0.22  0.000234901  0.000234901  0.000311411  0.000311411  0.000311411  0.000311411  0.000311411  0.000311411  0.0451014  0.000311411  0.000311411  0.000311411  0.00583865
0.23  0.000229053  0.000229053  0.000303703  0.000303703  0.000303703  0.000303703  0.000303703  0.000303703  0.047792  0.000303703  0.000303703  0.000303703  0.00596005
0.24  0.000223415  0.000223415  0.000296272  0.000296272  0.000296272  0.000296272  0.000296272  0.000296272  0.0505747  0.000296272  0.000296272  0.000296272  0.00607823
0.25  0.000217976  0.000217976  0.0002891  0.0002891  0.0002891  0.0002891  0.0002891  0.0002891  0.0534549  0.0002891  0.0002891  0.0002891  0.0061936
0.26  0.000212724  0.000212724  0.000282172  0.000282172  0.000282172  0.000282172  0.000282172  0.000282172  0.0564387  0.000282172  0.000282172  0.000282172  0.00630656
0.27  0.000207646  0.000207646  0.000275473  0.000275473  0.000275473  0.000275473  0.000275473  0.000275473  0.0595321  0.000275473  0.000275473  0.000275473  0.00641752
0.28  0.000202734  0.000202734  0.00026899  0.00026899  0.00026899  0.00026899  0.00026899  0.00026899  0.0627419  0.00026899  0.00026899  0.00026899  0.00652688
0.29  0.000197977  0.000197977  0.000262711  0.000262711  0.000262711  0.000262711  0.000262711  0.000262711  0.0660751  0.000262711  0.000262711  0.000262711  0.00663503
0.3  0.000193368  0.000193368  0.000256626  0.000256626  0.000256626  0.000256626  0.000256626  0.000256626  0.0695389  0.000256626  0.000256626  0.000256626  0.00674235
0.31  0.000188898  0.000188898  0.000250723  0.000250723  0.000250723  0.000250723  0.000250723  0.000250723  0.0731413  0.000250723  0.000250723  0.000250723  0.00684922
0.32  0.00018456  0.00018456  0.000244993  0.000244993  0.000244993  0.000244993  0.000244993  0.000244993  0.0768906  0.000244993  0.000244993  0.000244993  0.00695604
0.33  0.000180347  0.000180347  0.000239428  0.000239428  0.000239428  0.000239428  0.000239428  0.000239428  0.0807957  0.000239428  0.000239428  0.000239428  0.00706315
0.34  0.000176252  0.000176252  0.000234017  0.000234017  0.000234017  0.000234017  0.000234017  0.000234017  0.0848661  0.000234017  0.000234017  0.000234017  0.00717094
0.35  0.00017227  0.00017227  0.000228754  0.000228754  0.000228754  0.000228754  0.000228754  0.000228754  0.0891117  0.000228754  0.000228754  0.000228754  0.00727975
0.36  0.000168394  0.000168394  0.000223632  0.000223632  0.000223632  0.000223632  0.000223632  0.000223632  0.0935433  0.000223632  0.000223632  0.000223632  0.00738995
0.37  0.00016462  0.00016462  0.000218642  0.000218642  0.000218642  0.000218642  0.000218642  0.000218642  0.0981723  0.000218642  0.000218642  0.000218642  0.00750188
0.38  0.000160941  0.000160941  0.000213778  0.000213778  0.000213778  0.000213778  0.000213778  0.000213778  0.103011  0.000213778  0.000213778  0.000213778  0.00761589
0.39  0.000157353  0.000157353  0.000209034  0.000209034  0.000209034  0.000209034  0.000209034  0.000209034  0.108072  0.000209034  0.000209034  0.000209034  0.00773231
0.4  0.000153851  0.000153851  0.000204403  0.000204403  0.000204403  0.000204403  0.000204403  0.000204403  0.11337  0.000204403  0.000204403  0.000204403  0.00785147
0.42  0.00014709  0.00014709  0.000195459  0.000195459  0.000195459  0.000195459  0.000195459  0.000195459  0.124737  0.000195459  0.000195459  0.000195459  0.0080993
0.44  0.000140622  0.000140622  0.000186903  0.000186903  0.000186903  0.000186903  0.000186903  0.000186903  0.137244  0.000186903  0.000186903  0.000186903  0.00836189
0.46  0.000134419  0.000134419  0.000178693  0.000178693  0.000178693  0.000178693  0.000178693  0.000178693  0.151046  0.000178693  0.000178693  0.000178693  0.00864164
0.48  0.00012845  0.00012845  0.000170793  0.000170793  0.000170793  0.000170793  0.000170793  0.000170793  0.166322  0.000170793  0.000170793  0.000170793  0.00894081
0.5  0.000122691  0.000122691  0.000163168  0.000163168  0.000163168  0.000163168  0.000163168  0.000163168  0.18328  0.000163168  0.000163168  0.000163168  0.00926154
0.55  0.000109047  0.000109047  0.0001451  0.0001451  0.0001451  0.0001451  0.0001451  0.0001451  0.234766  0.0001451  0.0001451  0.0001451  0.0101703
0.6  9.6214e-05  9.6214e-05  0.000128095  0.000128095  0.000128095  0.000128095  0.000128095  0.000128095  0.303734  0.000128095  0.000128095  0.000128095  0.0112521
0.7  7.18302e-05  7.18302e-05  9.57564e-05  9.57564e-05  9.57564e-05  9.57564e-05  9.57564e-05  9.57564e-05  0.534037  9.57564e-05  9.57564e-05  9.57564e-05  0.0139919
0.8  4.76724e-05  4.76724e-05  6.36635e-05  6.36635e-05  6.36635e-05  6.36635e-05  6.36635e-05  6.36635e-05  1.05988  6.36635e-05  6.36635e-05  6.36635e-05  0.0174207
0.85  3.53161e-05  3.53161e-05  4.72194e-05  4.72194e-05  4.72194e-05  4.72194e-05  4.72194e-05  4.72194e-05  1.63444  4.72194e-05  4.72194e-05  4.72194e-05  0.0192163
0.9  2.27628e-05  2.27628e-05  3.04858e-05  3.04858e-05  3.04858e-05  3.04858e-05  3.04858e-05  3.04858e-05  2.86083  3.04858e-05  3.04858e-05  3.04858e-05  0.020743
0.91  2.02457e-05  2.02457e-05  2.71263e-05  2.71263e-05  2.71263e-05  2.71263e-05  2.71263e-05  2.71263e-05  3.28442  2.71263e-05  2.71263e-05  2.71263e-05  0.0209618
0.92  1.77349e-05  1.77349e-05  2.37735e-05  2.37735e-05  2.37735e-05  2.37735e-05  2.37735e-05  2.37735e-05  3.8214  2.37735e-05  2.37735e-05  2.37735e-05  0.0211289
0.93  1.52363e-05  1.52363e-05  2.04352e-05  2.04352e-05  2.04352e-05  2.04352e-05  2.04352e-05  2.04352e-05  4.52195  2.04352e-05  2.04352e-05  2.04352e-05  0.0212271
0.94  1.27583e-05  1.27583e-05  1.71221e-05  1.71221e-05  1.71221e-05  1.71221e-05  1.71221e-05  1.71221e-05  5.47044  1.71221e-05  1.71221e-05  1.71221e-05  0.0212316
0.95  1.03121e-05  1.03121e-05  1.38494e-05  1.38494e-05  1.38494e-05  1.38494e-05  1.38494e-05  1.38494e-05  6.82013  1.38494e-05  1.38494e-05  1.38494e-05  0.0211045
0.96  7.91437e-06  7.91437e-06  1.06386e-05  1.06386e-05  1.06386e-05  1.06386e-05  1.06386e-05  1.06386e-05  8.88075  1.06386e-05  1.06386e-05  1.06386e-05  0.0207833
0.97  5.59043e-06  5.59043e-06  7.52324e-06  7.52324e-06  7.52324e-06  7.52324e-06  7.52324e-06  7.52324e-06  12.3835  7.52324e-06  7.52324e-06  7.52324e-06  0.0201535
0.98  3.38376e-06  3.38376e-06  4.56093e-06  4.56093e-06  4.56093e-06  4.56093e-06  4.56093e-06  4.56093e-06  19.5526  4.56093e-06  4.56093e-06  4.56093e-06  0.0189629
0.99  1.38568e-06  1.38568e-06  1.87283e-06  1.87283e-06  1.87283e-06  1.87283e-06  1.87283e-06  1.87283e-06  41.711  1.87283e-06  1.87283e-06  1.87283e-06  0.0164312
0.999  4.21066e-08  4.21066e-08  5.74381e-08  5.74381e-08  5.74381e-08  5.74381e-08  5.74381e-08  5.74381e-08  431.78  5.74381e-08  5.74381e-08  5.74381e-08  0.00690408
0.9999  -1.37326e-10  -1.37338e-10  -1.87582e-10  -1.87569e-10  -1.87582e-10  -1.87569e-10  -1.87582e-10  -1.87569e-10  789.137  -1.87744e-10  -1.87582e-10  -1.87569e-10  0.000562332
