1e-05  2.31441e-20  2.31338e-20  2.31441e-20  2.31338e-20  2.31441e-20  2.31338e-20  2.31441e-20  2.31338e-20  6.3662e-07  2.32022e-20  2.31441e-20  2.31338e-20  1.23231e-15
0.0001  2.35758e-20  2.31481e-20  2.35758e-20  2.31481e-20  2.35758e-20  2.31481e-20  2.35758e-20  2.31481e-20  6.3662e-06  2.32865e-20  2.35758e-20  2.31481e-20  1.13879e-14
0.001  2.35983e-20  2.42445e-20  2.35983e-20  2.42445e-20  2.35983e-20  2.42445e-20  2.35983e-20  2.42445e-20  6.36621e-05  1.72795e-20  2.35983e-20  2.42445e-20  1.04392e-13
0.01  9.03502e-21  9.03502e-21  9.03502e-21  9.03502e-21  9.03502e-21  9.03502e-21  9.03502e-21  9.03502e-21  0.000636713  0  9.03502e-21  9.03502e-21  2.17886e-12
0.02  1.00027e-20  1.00027e-20  1.00027e-20  1.00027e-20  1.00027e-20  1.00027e-20  1.00027e-20  1.00027e-20  0.001274  0  1.00027e-20  1.00027e-20  4.21941e-12
0.03  -2.7218e-21  -2.7218e-21  -2.7218e-21  -2.7218e-21  -2.7218e-21  -2.7218e-21  -2.7218e-21  -2.7218e-21  0.00191246  0  -2.7218e-21  -2.7218e-21  6.15949e-12
0.04  3.56596e-20  3.56596e-20  3.56596e-20  3.56596e-20  3.56596e-20  3.56596e-20  3.56596e-20  3.56596e-20  0.00255273  0  3.56596e-20  3.56596e-20  8.00934e-12
0.05  -3.04929e-21  -3.04929e-21  -3.04929e-21  -3.04929e-21  -3.04929e-21  -3.04929e-21  -3.04929e-21  -3.04929e-21  0.00319549  0  -3.04929e-21  -3.04929e-21  9.77529e-12
0.06  0  0  0  0  0  0  0  0  0.00384146  0  0  0  1.14622e-11
0.07  0  0  0  0  0  0  0  0  0.0044914  0  0  0  1.30742e-11
0.08  -6.87428e-21  -6.87428e-21  -6.87428e-21  -6.87428e-21  -6.87428e-21  -6.87428e-21  -6.87428e-21  -6.87428e-21  0.00514613  0  -6.87428e-21  -6.87428e-21  1.46149e-11
0.09  -7.21264e-21  -7.21264e-21  -7.21264e-21  -7.21264e-21  -7.21264e-21  -7.21264e-21  -7.21264e-21  -7.21264e-21  0.0058065  0  -7.21264e-21  -7.21264e-21  1.60879e-11
0.1  7.17555e-20  7.17555e-20  7.17555e-20  7.17555e-20  7.17555e-20  7.17555e-20  7.17555e-20  7.17555e-20  0.00647342  0  7.17555e-20  7.17555e-20  1.74965e-11
0.11  5.37381e-20  5.37381e-20  5.37381e-20  5.37381e-20  5.37381e-20  5.37381e-20  5.37381e-20  5.37381e-20  0.00714786  0  5.37381e-20  5.37381e-20  1.88437e-11
0.12  0  0  0  0  0  0  0  0  0.00783086  0  0  0  2.01326e-11
0.13  0  0  0  0  0  0  0  0  0.00852351  0  0  0  2.13663e-11
0.14  0  0  0  0  0  0  0  0  0.00922697  0  0  0  2.25476e-11
0.15  0  0  0  0  0  0  0  0  0.00994247  0  0  0  2.36794e-11
0.16  0  0  0  0  0  0  0  0  0.0106713  0  0  0  2.47647e-11
0.17  0  0  0  0  0  0  0  0  0.011415  0  0  0  2.58061e-11
0.18  0  0  0  0  0  0  0  0  0.0121749  0  0  0  2.68065e-11
0.19  -1.79686e-21  -1.79686e-21  -1.79686e-21  -1.79686e-21  -1.79686e-21  -1.79686e-21  -1.79686e-21  -1.79686e-21  0.0129526  0  -1.79686e-21  -1.79686e-21  2.77686e-11
0.2  0  0  0  0  0  0  0  0  0.0137498  0  0  0  2.86952e-11
0.21  0  0  0  0  0  0  0  0  0.0145684  0  0  0  2.95889e-11
0.22  0  0  0  0  0  0  0  0  0.0154103  0  0  0  3.04526e-11
0.23  0  0  0  0  0  0  0  0  0.0162774  0  0  0  3.12887e-11
0.24  0  0  0  0  0  0  0  0  0.0171721  0  0  0  3.21001e-11
0.25  0  0  0  0  0  0  0  0  0.0180966  0  0  0  3.28894e-11
0.26  0  0  0  0  0  0  0  0  0.0190534  0  0  0  3.36591e-11
0.27  0  0  0  0  0  0  0  0  0.0200453  0  0  0  3.4412e-11
0.28  0  0  0  0  0  0  0  0  0.021075  0  0  0  3.51505e-11
0.29  2.41857e-19  2.41857e-19  2.41857e-19  2.41857e-19  2.41857e-19  2.41857e-19  2.41857e-19  2.41857e-19  0.0221457  0  2.41857e-19  2.41857e-19  3.58773e-11
0.3  0  0  0  0  0  0  0  0  0.0232606  0  0  0  3.65951e-11
0.31  0  0  0  0  0  0  0  0  0.0244232  0  0  0  3.73062e-11
0.32  0  0  0  0  0  0  0  0  0.0256373  0  0  0  3.80133e-11
0.33  0  0  0  0  0  0  0  0  0.0269071  0  0  0  3.8719e-11
0.34  0  0  0  0  0  0  0  0  0.0282367  0  0  0  3.94257e-11
0.35  0  0  0  0  0  0  0  0  0.029631  0  0  0  4.01359e-11
0.36  0  0  0  0  0  0  0  0  0.0310949  0  0  0  4.08522e-11
0.37  0  0  0  0  0  0  0  0  0.032634  0  0  0  4.1577e-11
0.38  0  0  0  0  0  0  0  0  0.034254  0  0  0  4.23129e-11
0.39  0  0  0  0  0  0  0  0  0.0359613  0  0  0  4.30622e-11
0.4  0  0  0  0  0  0  0  0  0.0377626  0  0  0  4.38273e-11
0.42  0  0  0  0  0  0  0  0  0.0416779  0  0  0  4.54151e-11
0.44  0  0  0  0  0  0  0  0  0.0460667  0  0  0  4.70952e-11
0.46  0  0  0  0  0  0  0  0  0.0510074  0  0  0  4.88868e-11
0.48  0  0  0  0  0  0  0  0  0.0565933  0  0  0  5.08083e-11
0.5  0  0  0  0  0  0  0  0  0.0629349  0  0  0  5.28781e-11
0.55  0  0  0  0  0  0  0  0  0.0830316  0  0  0  5.88177e-11
0.6  0  0  0  0  0  0  0  0  0.111711  0  0  0  6.60616e-11
0.7  0  0  0  0  0  0  0  0  0.218494  0  0  0  8.53948e-11
0.8  0  0  0  0  0  0  0  0  0.502154  0  0  0  1.12188e-10
0.85  0  0  0  0  0  0  0  0  0.850196  0  0  0  1.28239e-10
0.9  0  0  0  0  0  0  0  0  1.67154  0  0  0  1.45076e-10
0.91  0  0  0  0  0  0  0  0  1.97272  0  0  0  1.48329e-10
0.92  0  0  0  0  0  0  0  0  2.3645  0  0  0  1.51448e-10
0.93  0  0  0  0  0  0  0  0  2.89002  0  0  0  1.54354e-10
0.94  0  0  0  0  0  0  0  0  3.62349  0  0  0  1.56929e-10
0.95  0  0  0  0  0  0  0  0  4.7032  0  0  0  1.58986e-10
0.96  0  0  0  0  0  0  0  0  6.41685  0  0  0  1.60201e-10
0.97  0  0  0  0  0  0  0  0  9.46787  0  0  0  1.59945e-10
0.98  0  0  0  0  0  0  0  0  16.0942  0  0  0  1.56736e-10
0.99  0  0  0  0  0  0  0  0  38.4884  0  0  0  1.45508e-10
0.999  0  0  0  0  0  0  0  0  539.307  0  0  0  7.79211e-11
0.9999  0  0  0  0  0  0  0  0  1244.11  0  0  0  8.03815e-12
