1e-05  0.00501313  0.00501313  0.0148357  0.0148357  0.0148357  0.0148357  0.0148357  0.0148357  0.0148403  0.0148357  0.0148357  0.0148357  0.0325133
0.0001  0.00376449  0.00376449  0.0117622  0.0117622  0.0117622  0.0117622  0.0117622  0.0117622  0.0118034  0.0117622  0.0117622  0.0117622  0.0257556
0.001  0.00276372  0.00276372  0.00919438  0.00919438  0.00919438  0.00919438  0.00919438  0.00919438  0.00956777  0.00919438  0.00919438  0.00919438  0.0202021
0.01  0.00192588  0.00192588  0.0068664  0.0068664  0.0068664  0.0068664  0.0068664  0.0068664  0.0113856  0.0068664  0.0068664  0.0068664  0.0163447
0.02  0.00167847  0.00167847  0.00610773  0.00610773  0.00610773  0.00610773  0.00610773  0.00610773  0.0149286  0.00610773  0.00610773  0.00610773  0.0158776
0.03  0.00152913  0.00152913  0.00562895  0.00562895  0.00562895  0.00562895  0.00562895  0.00562895  0.0187228  0.00562895  0.00562895  0.00562895  0.0159261
0.04  0.00141981  0.00141981  0.00526835  0.00526835  0.00526835  0.00526835  0.00526835  0.00526835  0.0226485  0.00526835  0.00526835  0.00526835  0.0161552
0.05  0.00133266  0.00133266  0.00497487  0.00497487  0.00497487  0.00497487  0.00497487  0.00497487  0.026677  0.00497487  0.00497487  0.00497487  0.0164645
0.06  0.00125974  0.00125974  0.00472538  0.00472538  0.00472538  0.00472538  0.00472538  0.00472538  0.0308003  0.00472538  0.00472538  0.00472538  0.0168114
0.07  0.00119681  0.00119681  0.00450734  0.00450734  0.00450734  0.00450734  0.00450734  0.00450734  0.0350176  0.00450734  0.00450734  0.00450734  0.0171744
0.08  0.00114132  0.00114132  0.00431308  0.00431308  0.00431308  0.00431308  0.00431308  0.00431308  0.0393314  0.00431308  0.00431308  0.00431308  0.0175419
0.09  0.00109163  0.00109163  0.00413756  0.00413756  0.00413756  0.00413756  0.00413756  0.00413756  0.0437457  0.00413756  0.00413756  0.00413756  0.0179069
0.1  0.00104659  0.00104659  0.00397727  0.00397727  0.00397727  0.00397727  0.00397727  0.00397727  0.0482655  0.00397727  0.00397727  0.00397727  0.0182656
0.11  0.00100538  0.00100538  0.00382967  0.00382967  0.00382967  0.00382967  0.00382967  0.00382967  0.0528962  0.00382967  0.00382967  0.00382967  0.0186155
0.12  0.000967391  0.000967391  0.00369281  0.00369281  0.00369281  0.00369281  0.00369281  0.00369281  0.0576441  0.00369281  0.00369281  0.00369281  0.0189553
0.13  0.000932151  0.000932151  0.00356522  0.00356522  0.00356522  0.00356522  0.00356522  0.00356522  0.0625154  0.00356522  0.00356522  0.00356522  0.0192845
0.14  0.000899292  0.000899292  0.0034457  0.0034457  0.0034457  0.0034457  0.0034457  0.0034457  0.0675171  0.0034457  0.0034457  0.0034457  0.019603
0.15  0.000868517  0.000868517  0.0033333  0.0033333  0.0033333  0.0033333  0.0033333  0.0033333  0.0726561  0.0033333  0.0033333  0.0033333  0.0199108
0.16  0.000839584  0.000839584  0.00322723  0.00322723  0.00322723  0.00322723  0.00322723  0.00322723  0.07794  0.00322723  0.00322723  0.00322723  0.0202085
0.17  0.000812293  0.000812293  0.00312685  0.00312685  0.00312685  0.00312685  0.00312685  0.00312685  0.0833765  0.00312685  0.00312685  0.00312685  0.0204966
0.18  0.000786476  0.000786476  0.00303159  0.00303159  0.00303159  0.00303159  0.00303159  0.00303159  0.0889737  0.00303159  0.00303159  0.00303159  0.0207757
0.19  0.00076199  0.00076199  0.00294099  0.00294099  0.00294099  0.00294099  0.00294099  0.00294099  0.0947401  0.00294099  0.00294099  0.00294099  0.0210467
0.2  0.000738715  0.000738715  0.00285464  0.00285464  0.00285464  0.00285464  0.00285464  0.00285464  0.100685  0.00285464  0.00285464  0.00285464  0.0213103
0.21  0.000716543  0.000716543  0.00277218  0.00277218  0.00277218  0.00277218  0.00277218  0.00277218  0.106816  0.00277218  0.00277218  0.00277218  0.0215674
0.22  0.000695384  0.000695384  0.00269331  0.00269331  0.00269331  0.00269331  0.00269331  0.00269331  0.113145  0.00269331  0.00269331  0.00269331  0.0218188
0.23  0.000675156  0.000675156  0.00261775  0.00261775  0.00261775  0.00261775  0.00261775  0.00261775  0.119681  0.00261775  0.00261775  0.00261775  0.0220654
0.24  0.000655788  0.000655788  0.00254526  0.00254526  0.00254526  0.00254526  0.00254526  0.00254526  0.126434  0.00254526  0.00254526  0.00254526  0.0223081
0.25  0.000637217  0.000637217  0.00247563  0.00247563  0.00247563  0.00247563  0.00247563  0.00247563  0.133416  0.00247563  0.00247563  0.00247563  0.0225477
0.26  0.000619386  0.000619386  0.00240865  0.00240865  0.00240865  0.00240865  0.00240865  0.00240865  0.140639  0.00240865  0.00240865  0.00240865  0.022785
0.27  0.000602244  0.000602244  0.00234415  0.00234415  0.00234415  0.00234415  0.00234415  0.00234415  0.148114  0.00234415  0.00234415  0.00234415  0.0230211
0.28  0.000585743  0.000585743  0.00228197  0.00228197  0.00228197  0.00228197  0.00228197  0.00228197  0.155855  0.00228197  0.00228197  0.00228197  0.0232566
0.29  0.000569844  0.000569844  0.00222197  0.00222197  0.00222197  0.00222197  0.00222197  0.00222197  0.163874  0.00222197  0.00222197  0.00222197  0.0234924
0.3  0.000554506  0.000554506  0.00216401  0.00216401  0.00216401  0.00216401  0.00216401  0.00216401  0.172187  0.00216401  0.00216401  0.00216401  0.0237292
0.31  0.000539696  0.000539696  0.00210797  0.00210797  0.00210797  0.00210797  0.00210797  0.00210797  0.180808  0.00210797  0.00210797  0.00210797  0.023968
0.32  0.000525382  0.000525382  0.00205373  0.00205373  0.00205373  0.00205373  0.00205373  0.00205373  0.189753  0.00205373  0.00205373  0.00205373  0.0242093
0.33  0.000511532  0.000511532  0.0020012  0.0020012  0.0020012  0.0020012  0.0020012  0.0020012  0.199039  0.0020012  0.0020012  0.0020012  0.0244539
0.34  0.000498121  0.000498121  0.00195027  0.00195027  0.00195027  0.00195027  0.00195027  0.00195027  0.208683  0.00195027  0.00195027  0.00195027  0.0247026
0.35  0.000485123  0.000485123  0.00190085  0.00190085  0.00190085  0.00190085  0.00190085  0.00190085  0.218703  0.00190085  0.00190085  0.00190085  0.0249559
0.36  0.000472514  0.000472514  0.00185286  0.00185286  0.00185286  0.00185286  0.00185286  0.00185286  0.22912  0.00185286  0.00185286  0.00185286  0.0252146
0.37  0.000460272  0.000460272  0.00180622  0.00180622  0.00180622  0.00180622  0.00180622  0.00180622  0.239955  0.00180622  0.00180622  0.00180622  0.0254793
0.38  0.000448377  0.000448377  0.00176086  0.00176086  0.00176086  0.00176086  0.00176086  0.00176086  0.251229  0.00176086  0.00176086  0.00176086  0.0257504
0.39  0.00043681  0.00043681  0.00171671  0.00171671  0.00171671  0.00171671  0.00171671  0.00171671  0.262965  0.00171671  0.00171671  0.00171671  0.0260287
0.4  0.000425552  0.000425552  0.0016737  0.0016737  0.0016737  0.0016737  0.0016737  0.0016737  0.27519  0.0016737  0.0016737  0.0016737  0.0263145
0.42  0.000403898  0.000403898  0.00159086  0.00159086  0.00159086  0.00159086  0.00159086  0.00159086  0.301211  0.00159086  0.00159086  0.00159086  0.026911
0.44  0.000383291  0.000383291  0.00151189  0.00151189  0.00151189  0.00151189  0.00151189  0.00151189  0.329525  0.00151189  0.00151189  0.00151189  0.0275433
0.46  0.00036362  0.00036362  0.00143639  0.00143639  0.00143639  0.00143639  0.00143639  0.00143639  0.360398  0.00143639  0.00143639  0.00143639  0.0282145
0.48  0.000344786  0.000344786  0.00136398  0.00136398  0.00136398  0.00136398  0.00136398  0.00136398  0.394136  0.00136398  0.00136398  0.00136398  0.0289267
0.5  0.0003267  0.0003267  0.00129434  0.00129434  0.00129434  0.00129434  0.00129434  0.00129434  0.431091  0.00129434  0.00129434  0.00129434  0.0296817
0.55  0.000284244  0.000284244  0.00113043  0.00113043  0.00113043  0.00113043  0.00113043  0.00113043  0.540385  0.00113043  0.00113043  0.00113043  0.0317608
0.6  0.000244916  0.000244916  0.000977966  0.000977966  0.000977966  0.000977966  0.000977966  0.000977966  0.681031  0.000977966  0.000977966  0.000977966  0.0341034
0.7  0.000172573  0.000172573  0.000695536  0.000695536  0.000695536  0.000695536  0.000695536  0.000695536  1.11713  0.000695536  0.000695536  0.000695536  0.0393384
0.8  0.000105634  0.000105634  0.000431008  0.000431008  0.000431008  0.000431008  0.000431008  0.000431008  2.00226  0.000431008  0.000431008  0.000431008  0.0441998
0.85  7.39556e-05  7.39556e-05  0.000304274  0.000304274  0.000304274  0.000304274  0.000304274  0.000304274  2.87368  0.000304274  0.000304274  0.000304274  0.0455435
0.9  4.40825e-05  4.40825e-05  0.000183427  0.000183427  0.000183427  0.000183427  0.000183427  0.000183427  4.55608  0.000183427  0.000183427  0.000183427  0.0449252
0.91  3.84293e-05  3.84293e-05  0.000160363  0.000160363  0.000160363  0.000160363  0.000160363  0.000160363  5.10036  0.000160363  0.000160363  0.000160363  0.044389
0.92  3.29207e-05  3.29207e-05  0.000137813  0.000137813  0.000137813  0.000137813  0.000137813  0.000137813  5.77053  0.000137813  0.000137813  0.000137813  0.0436476
0.93  2.75801e-05  2.75801e-05  0.000115868  0.000115868  0.000115868  0.000115868  0.000115868  0.000115868  6.61712  0.000115868  0.000115868  0.000115868  0.0426536
0.94  2.24372e-05  2.24372e-05  9.46457e-05  9.46457e-05  9.46457e-05  9.46457e-05  9.46457e-05  9.46457e-05  7.72253  9.46457e-05  9.46457e-05  9.46457e-05  0.0413413
0.95  1.753e-05  1.753e-05  7.42986e-05  7.42986e-05  7.42986e-05  7.42986e-05  7.42986e-05  7.42986e-05  9.23143  7.42986e-05  7.42986e-05  7.42986e-05  0.0396156
0.96  1.291e-05  1.291e-05  5.50322e-05  5.50322e-05  5.50322e-05  5.50322e-05  5.50322e-05  5.50322e-05  11.4246  5.50322e-05  5.50322e-05  5.50322e-05  0.0373284
0.97  8.64979e-06  8.64979e-06  3.71415e-05  3.71415e-05  3.71415e-05  3.71415e-05  3.71415e-05  3.71415e-05  14.9325  3.71415e-05  3.71415e-05  3.71415e-05  0.0342258
0.98  4.86238e-06  4.86238e-06  2.10898e-05  2.10898e-05  2.10898e-05  2.10898e-05  2.10898e-05  2.10898e-05  21.5512  2.10898e-05  2.10898e-05  2.10898e-05  0.0297969
0.99  1.75626e-06  1.75626e-06  7.74603e-06  7.74603e-06  7.74603e-06  7.74603e-06  7.74603e-06  7.74603e-06  39.5258  7.74603e-06  7.74603e-06  7.74603e-06  0.0226509
0.999  3.50178e-08  3.50179e-08  1.62487e-07  1.62487e-07  1.62487e-07  1.62487e-07  1.62487e-07  1.62487e-07  252.525  1.62487e-07  1.62487e-07  1.62487e-07  0.00609038
0.9999  -1.45767e-10  -1.45794e-10  -7.08604e-10  -7.08509e-10  -7.08604e-10  -7.08509e-10  -7.08604e-10  -7.08509e-10  307.57  -7.08027e-10  -7.08604e-10  -7.08509e-10  0.000322196
