1e-05  0.000212159  0.000212159  0.000212159  0.000212159  0.000212159  0.000212159  0.000212159  0.000212159  0.000213155  0.000212159  0.000212159  0.000212159  0.000475346
0.0001  0.000201945  0.000201945  0.000201945  0.000201945  0.000201945  0.000201945  0.000201945  0.000201945  0.000211638  0.000201945  0.000201945  0.000201945  0.000453505
0.001  0.000191038  0.000191038  0.000191038  0.000191038  0.000191038  0.000191038  0.000191038  0.000191038  0.000285322  0.000191038  0.000191038  0.000191038  0.000438818
0.01  0.000173104  0.000173104  0.000173104  0.000173104  0.000173104  0.000173104  0.000173104  0.000173104  0.00136889  0.000173104  0.000173104  0.000173104  0.00058658
0.02  0.000162817  0.000162817  0.000162817  0.000162817  0.000162817  0.000162817  0.000162817  0.000162817  0.00254718  0.000162817  0.000162817  0.000162817  0.000747291
0.03  0.000154958  0.000154958  0.000154958  0.000154958  0.000154958  0.000154958  0.000154958  0.000154958  0.00373368  0.000154958  0.000154958  0.000154958  0.000903189
0.04  0.000148354  0.000148354  0.000148354  0.000148354  0.000148354  0.000148354  0.000148354  0.000148354  0.00493104  0.000148354  0.000148354  0.000148354  0.00105299
0.05  0.000142567  0.000142567  0.000142567  0.000142567  0.000142567  0.000142567  0.000142567  0.000142567  0.00614139  0.000142567  0.000142567  0.000142567  0.00119651
0.06  0.000137371  0.000137371  0.000137371  0.000137371  0.000137371  0.000137371  0.000137371  0.000137371  0.00736668  0.000137371  0.000137371  0.000137371  0.00133385
0.07  0.000132634  0.000132634  0.000132634  0.000132634  0.000132634  0.000132634  0.000132634  0.000132634  0.00860879  0.000132634  0.000132634  0.000132634  0.00146518
0.08  0.000128266  0.000128266  0.000128266  0.000128266  0.000128266  0.000128266  0.000128266  0.000128266  0.00986958  0.000128266  0.000128266  0.000128266  0.00159074
0.09  0.000124205  0.000124205  0.000124205  0.000124205  0.000124205  0.000124205  0.000124205  0.000124205  0.0111509  0.000124205  0.000124205  0.000124205  0.00171075
0.1  0.000120406  0.000120406  0.000120406  0.000120406  0.000120406  0.000120406  0.000120406  0.000120406  0.0124548  0.000120406  0.000120406  0.000120406  0.00182547
0.11  0.000116834  0.000116834  0.000116834  0.000116834  0.000116834  0.000116834  0.000116834  0.000116834  0.0137832  0.000116834  0.000116834  0.000116834  0.00193515
0.12  0.000113461  0.000113461  0.000113461  0.000113461  0.000113461  0.000113461  0.000113461  0.000113461  0.0151382  0.000113461  0.000113461  0.000113461  0.00204004
0.13  0.000110265  0.000110265  0.000110265  0.000110265  0.000110265  0.000110265  0.000110265  0.000110265  0.016522  0.000110265  0.000110265  0.000110265  0.0021404
0.14  0.000107227  0.000107227  0.000107227  0.000107227  0.000107227  0.000107227  0.000107227  0.000107227  0.0179368  0.000107227  0.000107227  0.000107227  0.00223645
0.15  0.000104333  0.000104333  0.000104333  0.000104333  0.000104333  0.000104333  0.000104333  0.000104333  0.0193851  0.000104333  0.000104333  0.000104333  0.00232847
0.16  0.000101569  0.000101569  0.000101569  0.000101569  0.000101569  0.000101569  0.000101569  0.000101569  0.0208693  0.000101569  0.000101569  0.000101569  0.00241668
0.17  9.89249e-05  9.89249e-05  9.89249e-05  9.89249e-05  9.89249e-05  9.89249e-05  9.89249e-05  9.89249e-05  0.0223921  9.89249e-05  9.89249e-05  9.89249e-05  0.00250134
0.18  9.63909e-05  9.63909e-05  9.63909e-05  9.63909e-05  9.63909e-05  9.63909e-05  9.63909e-05  9.63909e-05  0.0239563  9.63909e-05  9.63909e-05  9.63909e-05  0.00258268
0.19  9.39587e-05  9.39587e-05  9.39587e-05  9.39587e-05  9.39587e-05  9.39587e-05  9.39587e-05  9.39587e-05  0.0255647  9.39587e-05  9.39587e-05  9.39587e-05  0.00266095
0.2  9.16211e-05  9.16211e-05  9.16211e-05  9.16211e-05  9.16211e-05  9.16211e-05  9.16211e-05  9.16211e-05  0.0272204  9.16211e-05  9.16211e-05  9.16211e-05  0.00273637
0.21  8.93714e-05  8.93714e-05  8.93714e-05  8.93714e-05  8.93714e-05  8.93714e-05  8.93714e-05  8.93714e-05  0.0289268  8.93714e-05  8.93714e-05  8.93714e-05  0.00280918
0.22  8.7204e-05  8.7204e-05  8.7204e-05  8.7204e-05  8.7204e-05  8.7204e-05  8.7204e-05  8.7204e-05  0.0306872  8.7204e-05  8.7204e-05  8.7204e-05  0.00287961
0.23  8.51136e-05  8.51136e-05  8.51136e-05  8.51136e-05  8.51136e-05  8.51136e-05  8.51136e-05  8.51136e-05  0.0325053  8.51136e-05  8.51136e-05  8.51136e-05  0.0029479
0.24  8.30954e-05  8.30954e-05  8.30954e-05  8.30954e-05  8.30954e-05  8.30954e-05  8.30954e-05  8.30954e-05  0.0343849  8.30954e-05  8.30954e-05  8.30954e-05  0.00301427
0.25  8.11453e-05  8.11453e-05  8.11453e-05  8.11453e-05  8.11453e-05  8.11453e-05  8.11453e-05  8.11453e-05  0.0363301  8.11453e-05  8.11453e-05  8.11453e-05  0.00307894
0.26  7.92593e-05  7.92593e-05  7.92593e-05  7.92593e-05  7.92593e-05  7.92593e-05  7.92593e-05  7.92593e-05  0.0383452  7.92593e-05  7.92593e-05  7.92593e-05  0.00314214
0.27  7.74339e-05  7.74339e-05  7.74339e-05  7.74339e-05  7.74339e-05  7.74339e-05  7.74339e-05  7.74339e-05  0.0404348  7.74339e-05  7.74339e-05  7.74339e-05  0.00320408
0.28  7.56656e-05  7.56656e-05  7.56656e-05  7.56656e-05  7.56656e-05  7.56656e-05  7.56656e-05  7.56656e-05  0.0426039  7.56656e-05  7.56656e-05  7.56656e-05  0.003265
0.29  7.39515e-05  7.39515e-05  7.39515e-05  7.39515e-05  7.39515e-05  7.39515e-05  7.39515e-05  7.39515e-05  0.0448574  7.39515e-05  7.39515e-05  7.39515e-05  0.0033251
0.3  7.22886e-05  7.22886e-05  7.22886e-05  7.22886e-05  7.22886e-05  7.22886e-05  7.22886e-05  7.22886e-05  0.047201  7.22886e-05  7.22886e-05  7.22886e-05  0.0033846
0.31  7.06745e-05  7.06745e-05  7.06745e-05  7.06745e-05  7.06745e-05  7.06745e-05  7.06745e-05  7.06745e-05  0.0496406  7.06745e-05  7.06745e-05  7.06745e-05  0.00344371
0.32  6.91064e-05  6.91064e-05  6.91064e-05  6.91064e-05  6.91064e-05  6.91064e-05  6.91064e-05  6.91064e-05  0.0521823  6.91064e-05  6.91064e-05  6.91064e-05  0.00350264
0.33  6.75822e-05  6.75822e-05  6.75822e-05  6.75822e-05  6.75822e-05  6.75822e-05  6.75822e-05  6.75822e-05  0.0548328  6.75822e-05  6.75822e-05  6.75822e-05  0.0035616
0.34  6.60996e-05  6.60996e-05  6.60996e-05  6.60996e-05  6.60996e-05  6.60996e-05  6.60996e-05  6.60996e-05  0.0575992  6.60996e-05  6.60996e-05  6.60996e-05  0.0036208
0.35  6.46566e-05  6.46566e-05  6.46566e-05  6.46566e-05  6.46566e-05  6.46566e-05  6.46566e-05  6.46566e-05  0.0604891  6.46566e-05  6.46566e-05  6.46566e-05  0.00368044
0.36  6.32511e-05  6.32511e-05  6.32511e-05  6.32511e-05  6.32511e-05  6.32511e-05  6.32511e-05  6.32511e-05  0.0635107  6.32511e-05  6.32511e-05  6.32511e-05  0.00374072
0.37  6.18814e-05  6.18814e-05  6.18814e-05  6.18814e-05  6.18814e-05  6.18814e-05  6.18814e-05  6.18814e-05  0.0666726  6.18814e-05  6.18814e-05  6.18814e-05  0.00380185
0.38  6.05456e-05  6.05456e-05  6.05456e-05  6.05456e-05  6.05456e-05  6.05456e-05  6.05456e-05  6.05456e-05  0.0699842  6.05456e-05  6.05456e-05  6.05456e-05  0.00386402
0.39  5.92421e-05  5.92421e-05  5.92421e-05  5.92421e-05  5.92421e-05  5.92421e-05  5.92421e-05  5.92421e-05  0.0734553  5.92421e-05  5.92421e-05  5.92421e-05  0.00392742
0.4  5.79692e-05  5.79692e-05  5.79692e-05  5.79692e-05  5.79692e-05  5.79692e-05  5.79692e-05  5.79692e-05  0.0770967  5.79692e-05  5.79692e-05  5.79692e-05  0.00399225
0.42  5.55091e-05  5.55091e-05  5.55091e-05  5.55091e-05  5.55091e-05  5.55091e-05  5.55091e-05  5.55091e-05  0.0849375  5.55091e-05  5.55091e-05  5.55091e-05  0.00412695
0.44  5.31539e-05  5.31539e-05  5.31539e-05  5.31539e-05  5.31539e-05  5.31539e-05  5.31539e-05  5.31539e-05  0.0936095  5.31539e-05  5.31539e-05  5.31539e-05  0.00426961
0.46  5.08926e-05  5.08926e-05  5.08926e-05  5.08926e-05  5.08926e-05  5.08926e-05  5.08926e-05  5.08926e-05  0.103233  5.08926e-05  5.08926e-05  5.08926e-05  0.00442167
0.48  4.87151e-05  4.87151e-05  4.87151e-05  4.87151e-05  4.87151e-05  4.87151e-05  4.87151e-05  4.87151e-05  0.113947  4.87151e-05  4.87151e-05  4.87151e-05  0.00458452
0.5  4.66119e-05  4.66119e-05  4.66119e-05  4.66119e-05  4.66119e-05  4.66119e-05  4.66119e-05  4.66119e-05  0.125918  4.66119e-05  4.66119e-05  4.66119e-05  0.00475952
0.55  4.16222e-05  4.16222e-05  4.16222e-05  4.16222e-05  4.16222e-05  4.16222e-05  4.16222e-05  4.16222e-05  0.162711  4.16222e-05  4.16222e-05  4.16222e-05  0.00525843
0.6  3.69159e-05  3.69159e-05  3.69159e-05  3.69159e-05  3.69159e-05  3.69159e-05  3.69159e-05  3.69159e-05  0.212928  3.69159e-05  3.69159e-05  3.69159e-05  0.00585923
0.7  2.79168e-05  2.79168e-05  2.79168e-05  2.79168e-05  2.79168e-05  2.79168e-05  2.79168e-05  2.79168e-05  0.386362  2.79168e-05  2.79168e-05  2.79168e-05  0.00741979
0.8  1.88691e-05  1.88691e-05  1.88691e-05  1.88691e-05  1.88691e-05  1.88691e-05  1.88691e-05  1.88691e-05  0.802787  1.88691e-05  1.88691e-05  1.88691e-05  0.00947337
0.85  1.41594e-05  1.41594e-05  1.41594e-05  1.41594e-05  1.41594e-05  1.41594e-05  1.41594e-05  1.41594e-05  1.27697  1.41594e-05  1.41594e-05  1.41594e-05  0.0106257
0.9  9.29153e-06  9.29153e-06  9.29153e-06  9.29153e-06  9.29153e-06  9.29153e-06  9.29153e-06  9.29153e-06  2.32786  9.29153e-06  9.29153e-06  9.29153e-06  0.0117252
0.91  8.30238e-06  8.30238e-06  8.30238e-06  8.30238e-06  8.30238e-06  8.30238e-06  8.30238e-06  8.30238e-06  2.69936  8.30238e-06  8.30238e-06  8.30238e-06  0.011914
0.92  7.31028e-06  7.31028e-06  7.31028e-06  7.31028e-06  7.31028e-06  7.31028e-06  7.31028e-06  7.31028e-06  3.17511  7.31028e-06  7.31028e-06  7.31028e-06  0.0120818
0.93  6.31702e-06  6.31702e-06  6.31702e-06  6.31702e-06  6.31702e-06  6.31702e-06  6.31702e-06  6.31702e-06  3.8027  6.31702e-06  6.31702e-06  6.31702e-06  0.0122201
0.94  5.32513e-06  5.32513e-06  5.32513e-06  5.32513e-06  5.32513e-06  5.32513e-06  5.32513e-06  5.32513e-06  4.66286  5.32513e-06  5.32513e-06  5.32513e-06  0.0123168
0.95  4.33821e-06  4.33821e-06  4.33821e-06  4.33821e-06  4.33821e-06  4.33821e-06  4.33821e-06  4.33821e-06  5.90387  4.33821e-06  4.33821e-06  4.33821e-06  0.012353
0.96  3.36168e-06  3.36168e-06  3.36168e-06  3.36168e-06  3.36168e-06  3.36168e-06  3.36168e-06  3.36168e-06  7.82912  3.36168e-06  3.36168e-06  3.36168e-06  0.0122968
0.97  2.4041e-06  2.4041e-06  2.4041e-06  2.4041e-06  2.4041e-06  2.4041e-06  2.4041e-06  2.4041e-06  11.1657  2.4041e-06  2.4041e-06  2.4041e-06  0.0120886
0.98  1.48065e-06  1.48065e-06  1.48065e-06  1.48065e-06  1.48065e-06  1.48065e-06  1.48065e-06  1.48065e-06  18.169  1.48065e-06  1.48065e-06  1.48065e-06  0.0115934
0.99  6.24645e-07  6.24645e-07  6.24645e-07  6.24645e-07  6.24645e-07  6.24645e-07  6.24645e-07  6.24645e-07  40.668  6.24645e-07  6.24645e-07  6.24645e-07  0.0103756
0.999  2.10346e-08  2.10345e-08  2.10346e-08  2.10345e-08  2.10346e-08  2.10345e-08  2.10346e-08  2.10345e-08  481.816  2.10345e-08  2.10346e-08  2.10345e-08  0.00488149
0.9999  -5.90759e-11  -5.89859e-11  -5.90759e-11  -5.89859e-11  -5.90759e-11  -5.89859e-11  -5.90759e-11  -5.89859e-11  979.945  -5.90363e-11  -5.90759e-11  -5.89859e-11  0.000443881
