1e-05  0.00174346  0.00174346  0.00314842  0.00314842  0.00314842  0.00314842  0.00314842  0.00314842  0.00315065  0.00314842  0.00314842  0.00314842  0.00697683
0.0001  0.0014688  0.0014688  0.00273252  0.00273252  0.00273252  0.00273252  0.00273252  0.00273252  0.00275344  0.00273252  0.00273252  0.00273252  0.00605683
0.001  0.00122274  0.00122274  0.00235071  0.00235071  0.00235071  0.00235071  0.00235071  0.00235071  0.00254653  0.00235071  0.00235071  0.00235071  0.00525048
0.01  0.000974106  0.000974106  0.00193782  0.00193782  0.00193782  0.00193782  0.00193782  0.00193782  0.00453064  0.00193782  0.00193782  0.00193782  0.00498233
0.02  0.000883474  0.000883474  0.00177442  0.00177442  0.00177442  0.00177442  0.00177442  0.00177442  0.00689448  0.00177442  0.00177442  0.00177442  0.00524609
0.03  0.000823613  0.000823613  0.00166302  0.00166302  0.00166302  0.00166302  0.00166302  0.00166302  0.00931274  0.00166302  0.00166302  0.00166302  0.00558208
0.04  0.000777228  0.000777228  0.00157507  0.00157507  0.00157507  0.00157507  0.00157507  0.00157507  0.0117733  0.00157507  0.00157507  0.00157507  0.00593439
0.05  0.000738701  0.000738701  0.00150109  0.00150109  0.00150109  0.00150109  0.00150109  0.00150109  0.0142759  0.00150109  0.00150109  0.00150109  0.00628636
0.06  0.000705434  0.000705434  0.0014366  0.0014366  0.0014366  0.0014366  0.0014366  0.0014366  0.0168231  0.0014366  0.0014366  0.0014366  0.00663116
0.07  0.000675992  0.000675992  0.00137911  0.00137911  0.00137911  0.00137911  0.00137911  0.00137911  0.0194181  0.00137911  0.00137911  0.00137911  0.00696569
0.08  0.000649486  0.000649486  0.00132706  0.00132706  0.00132706  0.00132706  0.00132706  0.00132706  0.0220643  0.00132706  0.00132706  0.00132706  0.00728849
0.09  0.000625325  0.000625325  0.00127938  0.00127938  0.00127938  0.00127938  0.00127938  0.00127938  0.0247656  0.00127938  0.00127938  0.00127938  0.00759898
0.1  0.000603092  0.000603092  0.00123533  0.00123533  0.00123533  0.00123533  0.00123533  0.00123533  0.027526  0.00123533  0.00123533  0.00123533  0.00789705
0.11  0.000582478  0.000582478  0.00119435  0.00119435  0.00119435  0.00119435  0.00119435  0.00119435  0.0303496  0.00119435  0.00119435  0.00119435  0.00818288
0.12  0.000563251  0.000563251  0.00115601  0.00115601  0.00115601  0.00115601  0.00115601  0.00115601  0.0332406  0.00115601  0.00115601  0.00115601  0.00845683
0.13  0.000545228  0.000545228  0.00111998  0.00111998  0.00111998  0.00111998  0.00111998  0.00111998  0.0362034  0.00111998  0.00111998  0.00111998  0.00871939
0.14  0.000528264  0.000528264  0.00108599  0.00108599  0.00108599  0.00108599  0.00108599  0.00108599  0.0392427  0.00108599  0.00108599  0.00108599  0.00897111
0.15  0.000512239  0.000512239  0.00105381  0.00105381  0.00105381  0.00105381  0.00105381  0.00105381  0.0423632  0.00105381  0.00105381  0.00105381  0.00921257
0.16  0.000497057  0.000497057  0.00102326  0.00102326  0.00102326  0.00102326  0.00102326  0.00102326  0.0455699  0.00102326  0.00102326  0.00102326  0.00944441
0.17  0.000482633  0.000482633  0.000994199  0.000994199  0.000994199  0.000994199  0.000994199  0.000994199  0.0488681  0.000994199  0.000994199  0.000994199  0.00966728
0.18  0.000468899  0.000468899  0.000966481  0.000966481  0.000966481  0.000966481  0.000966481  0.000966481  0.0522632  0.000966481  0.000966481  0.000966481  0.00988183
0.19  0.000455794  0.000455794  0.000939996  0.000939996  0.000939996  0.000939996  0.000939996  0.000939996  0.0557609  0.000939996  0.000939996  0.000939996  0.0100887
0.2  0.000443267  0.000443267  0.000914646  0.000914646  0.000914646  0.000914646  0.000914646  0.000914646  0.0593672  0.000914646  0.000914646  0.000914646  0.0102887
0.21  0.000431272  0.000431272  0.000890343  0.000890343  0.000890343  0.000890343  0.000890343  0.000890343  0.0630882  0.000890343  0.000890343  0.000890343  0.0104822
0.22  0.000419768  0.000419768  0.000867012  0.000867012  0.000867012  0.000867012  0.000867012  0.000867012  0.0669306  0.000867012  0.000867012  0.000867012  0.0106702
0.23  0.000408721  0.000408721  0.000844584  0.000844584  0.000844584  0.000844584  0.000844584  0.000844584  0.0709013  0.000844584  0.000844584  0.000844584  0.0108531
0.24  0.000398099  0.000398099  0.000822999  0.000822999  0.000822999  0.000822999  0.000822999  0.000822999  0.0750074  0.000822999  0.000822999  0.000822999  0.0110317
0.25  0.000387873  0.000387873  0.0008022  0.0008022  0.0008022  0.0008022  0.0008022  0.0008022  0.0792567  0.0008022  0.0008022  0.0008022  0.0112065
0.26  0.000378018  0.000378018  0.000782138  0.000782138  0.000782138  0.000782138  0.000782138  0.000782138  0.0836571  0.000782138  0.000782138  0.000782138  0.0113783
0.27  0.00036851  0.00036851  0.000762769  0.000762769  0.000762769  0.000762769  0.000762769  0.000762769  0.0882171  0.000762769  0.000762769  0.000762769  0.0115476
0.28  0.000359328  0.000359328  0.00074405  0.00074405  0.00074405  0.00074405  0.00074405  0.00074405  0.0929456  0.00074405  0.00074405  0.00074405  0.011715
0.29  0.000350453  0.000350453  0.000725944  0.000725944  0.000725944  0.000725944  0.000725944  0.000725944  0.097852  0.000725944  0.000725944  0.000725944  0.0118812
0.3  0.000341866  0.000341866  0.000708415  0.000708415  0.000708415  0.000708415  0.000708415  0.000708415  0.102946  0.000708415  0.000708415  0.000708415  0.0120467
0.31  0.000333551  0.000333551  0.000691431  0.000691431  0.000691431  0.000691431  0.000691431  0.000691431  0.108239  0.000691431  0.000691431  0.000691431  0.0122121
0.32  0.000325493  0.000325493  0.000674962  0.000674962  0.000674962  0.000674962  0.000674962  0.000674962  0.113741  0.000674962  0.000674962  0.000674962  0.012378
0.33  0.000317677  0.000317677  0.000658981  0.000658981  0.000658981  0.000658981  0.000658981  0.000658981  0.119465  0.000658981  0.000658981  0.000658981  0.0125449
0.34  0.000310091  0.000310091  0.00064346  0.00064346  0.00064346  0.00064346  0.00064346  0.00064346  0.125423  0.00064346  0.00064346  0.00064346  0.0127135
0.35  0.000302721  0.000302721  0.000628375  0.000628375  0.000628375  0.000628375  0.000628375  0.000628375  0.131628  0.000628375  0.000628375  0.000628375  0.0128841
0.36  0.000295557  0.000295557  0.000613703  0.000613703  0.000613703  0.000613703  0.000613703  0.000613703  0.138094  0.000613703  0.000613703  0.000613703  0.0130574
0.37  0.000288587  0.000288587  0.000599423  0.000599423  0.000599423  0.000599423  0.000599423  0.000599423  0.144836  0.000599423  0.000599423  0.000599423  0.0132338
0.38  0.000281801  0.000281801  0.000585513  0.000585513  0.000585513  0.000585513  0.000585513  0.000585513  0.151871  0.000585513  0.000585513  0.000585513  0.0134138
0.39  0.000275189  0.000275189  0.000571955  0.000571955  0.000571955  0.000571955  0.000571955  0.000571955  0.159216  0.000571955  0.000571955  0.000571955  0.013598
0.4  0.000268742  0.000268742  0.000558731  0.000558731  0.000558731  0.000558731  0.000558731  0.000558731  0.166888  0.000558731  0.000558731  0.000558731  0.0137867
0.42  0.000256309  0.000256309  0.000533211  0.000533211  0.000533211  0.000533211  0.000533211  0.000533211  0.183294  0.000533211  0.000533211  0.000533211  0.0141797
0.44  0.000244436  0.000244436  0.000508824  0.000508824  0.000508824  0.000508824  0.000508824  0.000508824  0.201262  0.000508824  0.000508824  0.000508824  0.0145963
0.46  0.000233065  0.000233065  0.000485452  0.000485452  0.000485452  0.000485452  0.000485452  0.000485452  0.220992  0.000485452  0.000485452  0.000485452  0.0150395
0.48  0.000222141  0.000222141  0.000462985  0.000462985  0.000462985  0.000462985  0.000462985  0.000462985  0.24271  0.000462985  0.000462985  0.000462985  0.0155125
0.5  0.000211615  0.000211615  0.000441322  0.000441322  0.000441322  0.000441322  0.000441322  0.000441322  0.266684  0.000441322  0.000441322  0.000441322  0.0160177
0.55  0.000186751  0.000186751  0.000390095  0.000390095  0.000390095  0.000390095  0.000390095  0.000390095  0.33866  0.000390095  0.000390095  0.000390095  0.0174362
0.6  0.000163473  0.000163473  0.000342055  0.000342055  0.000342055  0.000342055  0.000342055  0.000342055  0.43344  0.000342055  0.000342055  0.000342055  0.0190955
0.7  0.000119697  0.000119697  0.000251455  0.000251455  0.000251455  0.000251455  0.000251455  0.000251455  0.740119  0.000251455  0.000251455  0.000251455  0.0231407
0.8  7.72989e-05  7.72989e-05  0.000163253  0.000163253  0.000163253  0.000163253  0.000163253  0.000163253  1.40669  0.000163253  0.000163253  0.000163253  0.0278077
0.85  5.61756e-05  5.61756e-05  0.000119074  0.000119074  0.000119074  0.000119074  0.000119074  0.000119074  2.10461  0.000119074  0.000119074  0.000119074  0.0299604
0.9  3.52557e-05  3.52557e-05  7.51049e-05  7.51049e-05  7.51049e-05  7.51049e-05  7.51049e-05  7.51049e-05  3.53527  7.51049e-05  7.51049e-05  7.51049e-05  0.0313506
0.91  3.11432e-05  3.11432e-05  6.64287e-05  6.64287e-05  6.64287e-05  6.64287e-05  6.64287e-05  6.64287e-05  4.01677  6.64287e-05  6.64287e-05  6.64287e-05  0.0314364
0.92  2.70736e-05  2.70736e-05  5.78303e-05  5.78303e-05  5.78303e-05  5.78303e-05  5.78303e-05  5.78303e-05  4.62022  5.78303e-05  5.78303e-05  5.78303e-05  0.0314173
0.93  2.306e-05  2.306e-05  4.93359e-05  4.93359e-05  4.93359e-05  4.93359e-05  4.93359e-05  4.93359e-05  5.39759  4.93359e-05  4.93359e-05  4.93359e-05  0.0312635
0.94  1.91194e-05  1.91194e-05  4.09803e-05  4.09803e-05  4.09803e-05  4.09803e-05  4.09803e-05  4.09803e-05  6.43531  4.09803e-05  4.09803e-05  4.09803e-05  0.0309327
0.95  1.52748e-05  1.52748e-05  3.28103e-05  3.28103e-05  3.28103e-05  3.28103e-05  3.28103e-05  3.28103e-05  7.88835  3.28103e-05  3.28103e-05  3.28103e-05  0.0303612
0.96  1.1558e-05  1.1558e-05  2.48918e-05  2.48918e-05  2.48918e-05  2.48918e-05  2.48918e-05  2.48918e-05  10.0651  2.48918e-05  2.48918e-05  2.48918e-05  0.0294471
0.97  8.017e-06  8.017e-06  1.73236e-05  1.73236e-05  1.73236e-05  1.73236e-05  1.73236e-05  1.73236e-05  13.6801  1.73236e-05  1.73236e-05  1.73236e-05  0.0280073
0.98  4.73023e-06  4.73023e-06  1.02693e-05  1.02693e-05  1.02693e-05  1.02693e-05  1.02693e-05  1.02693e-05  20.8543  1.02693e-05  1.02693e-05  1.02693e-05  0.0256535
0.99  1.85456e-06  1.85456e-06  4.05827e-06  4.05827e-06  4.05827e-06  4.05827e-06  4.05827e-06  4.05827e-06  41.9801  4.05827e-06  4.05827e-06  4.05827e-06  0.0212402
0.999  4.85858e-08  4.85858e-08  1.09118e-07  1.09119e-07  1.09118e-07  1.09119e-07  1.09118e-07  1.09119e-07  364.361  1.09118e-07  1.09118e-07  1.09119e-07  0.00762659
0.9999  -1.81515e-10  -1.81445e-10  -4.12268e-10  -4.12202e-10  -4.12268e-10  -4.12202e-10  -4.12268e-10  -4.12202e-10  575.972  -4.12157e-10  -4.12268e-10  -4.12202e-10  0.000533184
