1e-05  0.00772998  0.00772998  0.0284391  0.0284391  0.0284391  0.0284391  0.0284391  0.0284391  0.0284454  0.0284391  0.0284391  0.0284391  0.0619483
0.0001  0.00548798  0.00548798  0.0215264  0.0215264  0.0215264  0.0215264  0.0215264  0.0215264  0.0215832  0.0215264  0.0215264  0.0215264  0.0468208
0.001  0.00378527  0.00378527  0.0160088  0.0160088  0.0160088  0.0160088  0.0160088  0.0160088  0.0165143  0.0160088  0.0160088  0.0160088  0.034884
0.01  0.00246291  0.00246291  0.0113435  0.0113435  0.0113435  0.0113435  0.0113435  0.0113435  0.0171272  0.0113435  0.0113435  0.0113435  0.0263354
0.02  0.0021017  0.0021017  0.00993218  0.00993218  0.00993218  0.00993218  0.00993218  0.00993218  0.0211467  0.00993218  0.00993218  0.00993218  0.0248084
0.03  0.0018912  0.0018912  0.00906966  0.00906966  0.00906966  0.00906966  0.00906966  0.00906966  0.0256531  0.00906966  0.00906966  0.00906966  0.0243393
0.04  0.00174069  0.00174069  0.00843326  0.00843326  0.00843326  0.00843326  0.00843326  0.00843326  0.0303866  0.00843326  0.00843326  0.00843326  0.0242542
0.05  0.00162277  0.00162277  0.00792299  0.00792299  0.00792299  0.00792299  0.00792299  0.00792299  0.0352797  0.00792299  0.00792299  0.00792299  0.0243525
0.06  0.00152545  0.00152545  0.00749421  0.00749421  0.00749421  0.00749421  0.00749421  0.00749421  0.0403092  0.00749421  0.00749421  0.00749421  0.0245487
0.07  0.00144242  0.00144242  0.00712295  0.00712295  0.00712295  0.00712295  0.00712295  0.00712295  0.0454676  0.00712295  0.00712295  0.00712295  0.0247998
0.08  0.0013699  0.0013699  0.00679475  0.00679475  0.00679475  0.00679475  0.00679475  0.00679475  0.0507539  0.00679475  0.00679475  0.00679475  0.0250815
0.09  0.00130548  0.00130548  0.00650019  0.00650019  0.00650019  0.00650019  0.00650019  0.00650019  0.0561706  0.00650019  0.00650019  0.00650019  0.0253793
0.1  0.00124751  0.00124751  0.00623274  0.00623274  0.00623274  0.00623274  0.00623274  0.00623274  0.061722  0.00623274  0.00623274  0.00623274  0.0256842
0.11  0.00119481  0.00119481  0.00598768  0.00598768  0.00598768  0.00598768  0.00598768  0.00598768  0.0674139  0.00598768  0.00598768  0.00598768  0.0259906
0.12  0.0011465  0.0011465  0.00576149  0.00576149  0.00576149  0.00576149  0.00576149  0.00576149  0.0732525  0.00576149  0.00576149  0.00576149  0.0262948
0.13  0.00110191  0.00110191  0.00555146  0.00555146  0.00555146  0.00555146  0.00555146  0.00555146  0.0792452  0.00555146  0.00555146  0.00555146  0.0265945
0.14  0.00106053  0.00106053  0.00535544  0.00535544  0.00535544  0.00535544  0.00535544  0.00535544  0.0853994  0.00535544  0.00535544  0.00535544  0.0268885
0.15  0.00102194  0.00102194  0.0051717  0.0051717  0.0051717  0.0051717  0.0051717  0.0051717  0.0917233  0.0051717  0.0051717  0.0051717  0.027176
0.16  0.000985794  0.000985794  0.00499885  0.00499885  0.00499885  0.00499885  0.00499885  0.00499885  0.0982254  0.00499885  0.00499885  0.00499885  0.0274569
0.17  0.000951822  0.000951822  0.00483572  0.00483572  0.00483572  0.00483572  0.00483572  0.00483572  0.104915  0.00483572  0.00483572  0.00483572  0.0277312
0.18  0.000919792  0.000919792  0.00468131  0.00468131  0.00468131  0.00468131  0.00468131  0.00468131  0.1118  0.00468131  0.00468131  0.00468131  0.0279992
0.19  0.000889506  0.000889506  0.0045348  0.0045348  0.0045348  0.0045348  0.0045348  0.0045348  0.118892  0.0045348  0.0045348  0.0045348  0.0282615
0.2  0.000860799  0.000860799  0.00439548  0.00439548  0.00439548  0.00439548  0.00439548  0.00439548  0.1262  0.00439548  0.00439548  0.00439548  0.0285187
0.21  0.000833527  0.000833527  0.00426272  0.00426272  0.00426272  0.00426272  0.00426272  0.00426272  0.133736  0.00426272  0.00426272  0.00426272  0.0287715
0.22  0.000807566  0.000807566  0.00413597  0.00413597  0.00413597  0.00413597  0.00413597  0.00413597  0.141509  0.00413597  0.00413597  0.00413597  0.0290205
0.23  0.000782805  0.000782805  0.00401477  0.00401477  0.00401477  0.00401477  0.00401477  0.00401477  0.149533  0.00401477  0.00401477  0.00401477  0.0292667
0.24  0.00075915  0.00075915  0.0038987  0.0038987  0.0038987  0.0038987  0.0038987  0.0038987  0.157818  0.0038987  0.0038987  0.0038987  0.0295108
0.25  0.000736514  0.000736514  0.00378736  0.00378736  0.00378736  0.00378736  0.00378736  0.00378736  0.166378  0.00378736  0.00378736  0.00378736  0.0297537
0.26  0.000714823  0.000714823  0.00368044  0.00368044  0.00368044  0.00368044  0.00368044  0.00368044  0.175227  0.00368044  0.00368044  0.00368044  0.0299962
0.27  0.000694009  0.000694009  0.00357763  0.00357763  0.00357763  0.00357763  0.00357763  0.00357763  0.184377  0.00357763  0.00357763  0.00357763  0.0302391
0.28  0.00067401  0.00067401  0.00347865  0.00347865  0.00347865  0.00347865  0.00347865  0.00347865  0.193844  0.00347865  0.00347865  0.00347865  0.0304833
0.29  0.00065477  0.00065477  0.00338325  0.00338325  0.00338325  0.00338325  0.00338325  0.00338325  0.203643  0.00338325  0.00338325  0.00338325  0.0307294
0.3  0.000636241  0.000636241  0.00329121  0.00329121  0.00329121  0.00329121  0.00329121  0.00329121  0.213791  0.00329121  0.00329121  0.00329121  0.0309784
0.31  0.000618376  0.000618376  0.00320232  0.00320232  0.00320232  0.00320232  0.00320232  0.00320232  0.224303  0.00320232  0.00320232  0.00320232  0.031231
0.32  0.000601133  0.000601133  0.00311639  0.00311639  0.00311639  0.00311639  0.00311639  0.00311639  0.235199  0.00311639  0.00311639  0.00311639  0.0314878
0.33  0.000584473  0.000584473  0.00303323  0.00303323  0.00303323  0.00303323  0.00303323  0.00303323  0.246497  0.00303323  0.00303323  0.00303323  0.0317496
0.34  0.000568363  0.000568363  0.0029527  0.0029527  0.0029527  0.0029527  0.0029527  0.0029527  0.258216  0.0029527  0.0029527  0.0029527  0.032017
0.35  0.000552768  0.000552768  0.00287463  0.00287463  0.00287463  0.00287463  0.00287463  0.00287463  0.270379  0.00287463  0.00287463  0.00287463  0.0322907
0.36  0.000537658  0.000537658  0.00279889  0.00279889  0.00279889  0.00279889  0.00279889  0.00279889  0.283006  0.00279889  0.00279889  0.00279889  0.0325712
0.37  0.000523006  0.000523006  0.00272535  0.00272535  0.00272535  0.00272535  0.00272535  0.00272535  0.296122  0.00272535  0.00272535  0.00272535  0.0328592
0.38  0.000508786  0.000508786  0.00265388  0.00265388  0.00265388  0.00265388  0.00265388  0.00265388  0.30975  0.00265388  0.00265388  0.00265388  0.0331551
0.39  0.000494972  0.000494972  0.00258437  0.00258437  0.00258437  0.00258437  0.00258437  0.00258437  0.323918  0.00258437  0.00258437  0.00258437  0.0334594
0.4  0.000481543  0.000481543  0.00251672  0.00251672  0.00251672  0.00251672  0.00251672  0.00251672  0.338653  0.00251672  0.00251672  0.00251672  0.0337725
0.42  0.000455753  0.000455753  0.00238656  0.00238656  0.00238656  0.00238656  0.00238656  0.00238656  0.369944  0.00238656  0.00238656  0.00238656  0.0344269
0.44  0.000431261  0.000431261  0.00226268  0.00226268  0.00226268  0.00226268  0.00226268  0.00226268  0.403882  0.00226268  0.00226268  0.00226268  0.0351207
0.46  0.00040793  0.00040793  0.00214441  0.00214441  0.00214441  0.00214441  0.00214441  0.00214441  0.440763  0.00214441  0.00214441  0.00214441  0.0358561
0.48  0.000385638  0.000385638  0.00203117  0.00203117  0.00203117  0.00203117  0.00203117  0.00203117  0.480921  0.00203117  0.00203117  0.00203117  0.0366339
0.5  0.000364278  0.000364278  0.00192243  0.00192243  0.00192243  0.00192243  0.00192243  0.00192243  0.524743  0.00192243  0.00192243  0.00192243  0.0374545
0.55  0.000314338  0.000314338  0.00166726  0.00166726  0.00166726  0.00166726  0.00166726  0.00166726  0.653417  0.00166726  0.00166726  0.00166726  0.039686
0.6  0.000268387  0.000268387  0.00143117  0.00143117  0.00143117  0.00143117  0.00143117  0.00143117  0.817182  0.00143117  0.00143117  0.00143117  0.042138
0.7  0.000184987  0.000184987  0.000998617  0.000998617  0.000998617  0.000998617  0.000998617  0.000998617  1.31475  0.000998617  0.000998617  0.000998617  0.0472811
0.8  0.000109837  0.000109837  0.000602541  0.000602541  0.000602541  0.000602541  0.000602541  0.000602541  2.29198  0.000602541  0.000602541  0.000602541  0.0511779
0.85  7.52951e-05  7.52951e-05  0.00041754  0.00041754  0.00041754  0.00041754  0.00041754  0.00041754  3.22557  0.00041754  0.00041754  0.00041754  0.0514449
0.9  4.36007e-05  4.36007e-05  0.000245332  0.000245332  0.000245332  0.000245332  0.000245332  0.000245332  4.97566  0.000245332  0.000245332  0.000245332  0.0491111
0.91  3.77295e-05  3.77295e-05  0.000213078  0.000213078  0.000213078  0.000213078  0.000213078  0.000213078  5.53076  0.000213078  0.000213078  0.000213078  0.0481298
0.92  3.20571e-05  3.20571e-05  0.000181782  0.000181782  0.000181782  0.000181782  0.000181782  0.000181782  6.20824  0.000181782  0.000181782  0.000181782  0.0469016
0.93  2.66099e-05  2.66099e-05  0.000151582  0.000151582  0.000151582  0.000151582  0.000151582  0.000151582  7.0557  0.000151582  0.000151582  0.000151582  0.0453749
0.94  2.14203e-05  2.14203e-05  0.000122654  0.000122654  0.000122654  0.000122654  0.000122654  0.000122654  8.15003  0.000122654  0.000122654  0.000122654  0.0434794
0.95  1.65296e-05  1.65296e-05  9.52232e-05  9.52232e-05  9.52232e-05  9.52232e-05  9.52232e-05  9.52232e-05  9.62475  9.52232e-05  9.52232e-05  9.52232e-05  0.0411144
0.96  1.19918e-05  1.19918e-05  6.95861e-05  6.95861e-05  6.95861e-05  6.95861e-05  6.95861e-05  6.95861e-05  11.7356  6.95861e-05  6.95861e-05  6.95861e-05  0.0381264
0.97  7.88221e-06  7.88221e-06  4.61607e-05  4.61607e-05  4.61607e-05  4.61607e-05  4.61607e-05  4.61607e-05  15.0481  4.61607e-05  4.61607e-05  4.61607e-05  0.0342573
0.98  4.31442e-06  4.31442e-06  2.55867e-05  2.55867e-05  2.55867e-05  2.55867e-05  2.55867e-05  2.55867e-05  21.1382  2.55867e-05  2.55867e-05  2.55867e-05  0.029002
0.99  1.49003e-06  1.49003e-06  9.02113e-06  9.02113e-06  9.02113e-06  9.02113e-06  9.02113e-06  9.02113e-06  37.0003  9.02113e-06  9.02113e-06  9.02113e-06  0.0210393
0.999  2.56794e-08  2.56794e-08  1.6498e-07  1.6498e-07  1.6498e-07  1.6498e-07  1.6498e-07  1.6498e-07  201.234  1.64981e-07  1.6498e-07  1.6498e-07  0.00484377
0.9999  -1.0773e-10  -1.07723e-10  -7.41549e-10  -7.41549e-10  -7.41549e-10  -7.41549e-10  -7.41549e-10  -7.41549e-10  213.399  -7.41706e-10  -7.41549e-10  -7.41549e-10  0.000221009
