1e-05  1.46641e-07  1.46641e-07  1.46641e-07  1.46641e-07  1.46641e-07  1.46641e-07  1.46641e-07  1.46641e-07  7.91967e-07  1.46641e-07  1.46641e-07  1.46641e-07  3.33012e-07
0.0001  1.46297e-07  1.46297e-07  1.46297e-07  1.46297e-07  1.46297e-07  1.46297e-07  1.46297e-07  1.46297e-07  6.59327e-06  1.46297e-07  1.46297e-07  1.46297e-07  3.5789e-07
0.001  1.45047e-07  1.45047e-07  1.45047e-07  1.45047e-07  1.45047e-07  1.45047e-07  1.45047e-07  1.45047e-07  6.45526e-05  1.45047e-07  1.45047e-07  1.45047e-07  5.90026e-07
0.01  1.37522e-07  1.37522e-07  1.37522e-07  1.37522e-07  1.37522e-07  1.37522e-07  1.37522e-07  1.37522e-07  0.000652294  1.37522e-07  1.37522e-07  1.37522e-07  5.78807e-06
0.02  1.30974e-07  1.30974e-07  1.30974e-07  1.30974e-07  1.30974e-07  1.30974e-07  1.30974e-07  1.30974e-07  0.00130494  1.30974e-07  1.30974e-07  1.30974e-07  1.09021e-05
0.03  1.25539e-07  1.25539e-07  1.25539e-07  1.25539e-07  1.25539e-07  1.25539e-07  1.25539e-07  1.25539e-07  0.00195894  1.25539e-07  1.25539e-07  1.25539e-07  1.57651e-05
0.04  1.20785e-07  1.20785e-07  1.20785e-07  1.20785e-07  1.20785e-07  1.20785e-07  1.20785e-07  1.20785e-07  0.00261501  1.20785e-07  1.20785e-07  1.20785e-07  2.04022e-05
0.05  1.16515e-07  1.16515e-07  1.16515e-07  1.16515e-07  1.16515e-07  1.16515e-07  1.16515e-07  1.16515e-07  0.00327386  1.16515e-07  1.16515e-07  1.16515e-07  2.4829e-05
0.06  1.12617e-07  1.12617e-07  1.12617e-07  1.12617e-07  1.12617e-07  1.12617e-07  1.12617e-07  1.12617e-07  0.00393626  1.12617e-07  1.12617e-07  1.12617e-07  2.90577e-05
0.07  1.09017e-07  1.09017e-07  1.09017e-07  1.09017e-07  1.09017e-07  1.09017e-07  1.09017e-07  1.09017e-07  0.004603  1.09017e-07  1.09017e-07  1.09017e-07  3.30985e-05
0.08  1.05666e-07  1.05666e-07  1.05666e-07  1.05666e-07  1.05666e-07  1.05666e-07  1.05666e-07  1.05666e-07  0.00527492  1.05666e-07  1.05666e-07  1.05666e-07  3.69607e-05
0.09  1.02525e-07  1.02525e-07  1.02525e-07  1.02525e-07  1.02525e-07  1.02525e-07  1.02525e-07  1.02525e-07  0.0059529  1.02525e-07  1.02525e-07  1.02525e-07  4.06529e-05
0.1  9.95682e-08  9.95682e-08  9.95682e-08  9.95682e-08  9.95682e-08  9.95682e-08  9.95682e-08  9.95682e-08  0.0066379  9.95682e-08  9.95682e-08  9.95682e-08  4.41835e-05
0.11  9.67721e-08  9.67721e-08  9.67721e-08  9.67721e-08  9.67721e-08  9.67721e-08  9.67721e-08  9.67721e-08  0.0073309  9.67721e-08  9.67721e-08  9.67721e-08  4.75602e-05
0.12  9.41191e-08  9.41191e-08  9.41191e-08  9.41191e-08  9.41191e-08  9.41191e-08  9.41191e-08  9.41191e-08  0.00803297  9.41191e-08  9.41191e-08  9.41191e-08  5.07909e-05
0.13  9.15947e-08  9.15947e-08  9.15947e-08  9.15947e-08  9.15947e-08  9.15947e-08  9.15947e-08  9.15947e-08  0.00874524  9.15947e-08  9.15947e-08  9.15947e-08  5.38829e-05
0.14  8.91868e-08  8.91868e-08  8.91868e-08  8.91868e-08  8.91868e-08  8.91868e-08  8.91868e-08  8.91868e-08  0.00946889  8.91868e-08  8.91868e-08  8.91868e-08  5.68437e-05
0.15  8.68851e-08  8.68851e-08  8.68851e-08  8.68851e-08  8.68851e-08  8.68851e-08  8.68851e-08  8.68851e-08  0.0102052  8.68851e-08  8.68851e-08  8.68851e-08  5.96804e-05
0.16  8.46808e-08  8.46808e-08  8.46808e-08  8.46808e-08  8.46808e-08  8.46808e-08  8.46808e-08  8.46808e-08  0.0109555  8.46808e-08  8.46808e-08  8.46808e-08  6.24003e-05
0.17  8.25663e-08  8.25663e-08  8.25663e-08  8.25663e-08  8.25663e-08  8.25663e-08  8.25663e-08  8.25663e-08  0.0117213  8.25663e-08  8.25663e-08  8.25663e-08  6.50104e-05
0.18  8.0535e-08  8.0535e-08  8.0535e-08  8.0535e-08  8.0535e-08  8.0535e-08  8.0535e-08  8.0535e-08  0.012504  8.0535e-08  8.0535e-08  8.0535e-08  6.75176e-05
0.19  7.85809e-08  7.85809e-08  7.85809e-08  7.85809e-08  7.85809e-08  7.85809e-08  7.85809e-08  7.85809e-08  0.0133054  7.85809e-08  7.85809e-08  7.85809e-08  6.9929e-05
0.2  7.6699e-08  7.6699e-08  7.6699e-08  7.6699e-08  7.6699e-08  7.6699e-08  7.6699e-08  7.6699e-08  0.0141271  7.6699e-08  7.6699e-08  7.6699e-08  7.22513e-05
0.21  7.48846e-08  7.48846e-08  7.48846e-08  7.48846e-08  7.48846e-08  7.48846e-08  7.48846e-08  7.48846e-08  0.0149709  7.48846e-08  7.48846e-08  7.48846e-08  7.44914e-05
0.22  7.31335e-08  7.31335e-08  7.31335e-08  7.31335e-08  7.31335e-08  7.31335e-08  7.31335e-08  7.31335e-08  0.0158389  7.31335e-08  7.31335e-08  7.31335e-08  7.6656e-05
0.23  7.1442e-08  7.1442e-08  7.1442e-08  7.1442e-08  7.1442e-08  7.1442e-08  7.1442e-08  7.1442e-08  0.0167331  7.1442e-08  7.1442e-08  7.1442e-08  7.8752e-05
0.24  6.98065e-08  6.98065e-08  6.98065e-08  6.98065e-08  6.98065e-08  6.98065e-08  6.98065e-08  6.98065e-08  0.0176558  6.98065e-08  6.98065e-08  6.98065e-08  8.07858e-05
0.25  6.8224e-08  6.8224e-08  6.8224e-08  6.8224e-08  6.8224e-08  6.8224e-08  6.8224e-08  6.8224e-08  0.0186094  6.8224e-08  6.8224e-08  6.8224e-08  8.27643e-05
0.26  6.66916e-08  6.66916e-08  6.66916e-08  6.66916e-08  6.66916e-08  6.66916e-08  6.66916e-08  6.66916e-08  0.0195964  6.66916e-08  6.66916e-08  6.66916e-08  8.4694e-05
0.27  6.52066e-08  6.52066e-08  6.52066e-08  6.52066e-08  6.52066e-08  6.52066e-08  6.52066e-08  6.52066e-08  0.0206196  6.52066e-08  6.52066e-08  6.52066e-08  8.65814e-05
0.28  6.37666e-08  6.37666e-08  6.37666e-08  6.37666e-08  6.37666e-08  6.37666e-08  6.37666e-08  6.37666e-08  0.0216818  6.37666e-08  6.37666e-08  6.37666e-08  8.84331e-05
0.29  6.23692e-08  6.23692e-08  6.23692e-08  6.23692e-08  6.23692e-08  6.23692e-08  6.23692e-08  6.23692e-08  0.0227862  6.23692e-08  6.23692e-08  6.23692e-08  9.02556e-05
0.3  6.10124e-08  6.10124e-08  6.10124e-08  6.10124e-08  6.10124e-08  6.10124e-08  6.10124e-08  6.10124e-08  0.0239362  6.10124e-08  6.10124e-08  6.10124e-08  9.20553e-05
0.31  5.9694e-08  5.9694e-08  5.9694e-08  5.9694e-08  5.9694e-08  5.9694e-08  5.9694e-08  5.9694e-08  0.0251353  5.9694e-08  5.9694e-08  5.9694e-08  9.38387e-05
0.32  5.84123e-08  5.84123e-08  5.84123e-08  5.84123e-08  5.84123e-08  5.84123e-08  5.84123e-08  5.84123e-08  0.0263874  5.84123e-08  5.84123e-08  5.84123e-08  9.56122e-05
0.33  5.71655e-08  5.71655e-08  5.71655e-08  5.71655e-08  5.71655e-08  5.71655e-08  5.71655e-08  5.71655e-08  0.0276966  5.71655e-08  5.71655e-08  5.71655e-08  9.73821e-05
0.34  5.59519e-08  5.59519e-08  5.59519e-08  5.59519e-08  5.59519e-08  5.59519e-08  5.59519e-08  5.59519e-08  0.0290674  5.59519e-08  5.59519e-08  5.59519e-08  9.91547e-05
0.35  5.47698e-08  5.47698e-08  5.47698e-08  5.47698e-08  5.47698e-08  5.47698e-08  5.47698e-08  5.47698e-08  0.0305045  5.47698e-08  5.47698e-08  5.47698e-08  0.000100936
0.36  5.36178e-08  5.36178e-08  5.36178e-08  5.36178e-08  5.36178e-08  5.36178e-08  5.36178e-08  5.36178e-08  0.0320131  5.36178e-08  5.36178e-08  5.36178e-08  0.000102733
0.37  5.24945e-08  5.24945e-08  5.24945e-08  5.24945e-08  5.24945e-08  5.24945e-08  5.24945e-08  5.24945e-08  0.0335987  5.24945e-08  5.24945e-08  5.24945e-08  0.000104552
0.38  5.13984e-08  5.13984e-08  5.13984e-08  5.13984e-08  5.13984e-08  5.13984e-08  5.13984e-08  5.13984e-08  0.0352672  5.13984e-08  5.13984e-08  5.13984e-08  0.000106398
0.39  5.03282e-08  5.03282e-08  5.03282e-08  5.03282e-08  5.03282e-08  5.03282e-08  5.03282e-08  5.03282e-08  0.0370252  5.03282e-08  5.03282e-08  5.03282e-08  0.000108278
0.4  4.92827e-08  4.92827e-08  4.92827e-08  4.92827e-08  4.92827e-08  4.92827e-08  4.92827e-08  4.92827e-08  0.0388795  4.92827e-08  4.92827e-08  4.92827e-08  0.000110198
0.42  4.72609e-08  4.72609e-08  4.72609e-08  4.72609e-08  4.72609e-08  4.72609e-08  4.72609e-08  4.72609e-08  0.0429077  4.72609e-08  4.72609e-08  4.72609e-08  0.000114182
0.44  4.53236e-08  4.53236e-08  4.53236e-08  4.53236e-08  4.53236e-08  4.53236e-08  4.53236e-08  4.53236e-08  0.0474198  4.53236e-08  4.53236e-08  4.53236e-08  0.000118398
0.46  4.34624e-08  4.34624e-08  4.34624e-08  4.34624e-08  4.34624e-08  4.34624e-08  4.34624e-08  4.34624e-08  0.0524958  4.34624e-08  4.34624e-08  4.34624e-08  0.000122894
0.48  4.16689e-08  4.16689e-08  4.16689e-08  4.16689e-08  4.16689e-08  4.16689e-08  4.16689e-08  4.16689e-08  0.0582299  4.16689e-08  4.16689e-08  4.16689e-08  0.000127716
0.5  3.99357e-08  3.99357e-08  3.99357e-08  3.99357e-08  3.99357e-08  3.99357e-08  3.99357e-08  3.99357e-08  0.0647346  3.99357e-08  3.99357e-08  3.99357e-08  0.000132909
0.55  3.58186e-08  3.58186e-08  3.58186e-08  3.58186e-08  3.58186e-08  3.58186e-08  3.58186e-08  3.58186e-08  0.0853166  3.58186e-08  3.58186e-08  3.58186e-08  0.000147809
0.6  3.19271e-08  3.19271e-08  3.19271e-08  3.19271e-08  3.19271e-08  3.19271e-08  3.19271e-08  3.19271e-08  0.114625  3.19271e-08  3.19271e-08  3.19271e-08  0.000165975
0.7  2.44455e-08  2.44455e-08  2.44455e-08  2.44455e-08  2.44455e-08  2.44455e-08  2.44455e-08  2.44455e-08  0.223375  2.44455e-08  2.44455e-08  2.44455e-08  0.00021442
0.8  1.68193e-08  1.68193e-08  1.68193e-08  1.68193e-08  1.68193e-08  1.68193e-08  1.68193e-08  1.68193e-08  0.51102  1.68193e-08  1.68193e-08  1.68193e-08  0.000281463
0.85  1.27814e-08  1.27814e-08  1.27814e-08  1.27814e-08  1.27814e-08  1.27814e-08  1.27814e-08  1.27814e-08  0.862911  1.27814e-08  1.27814e-08  1.27814e-08  0.000321553
0.9  8.53652e-09  8.53652e-09  8.53652e-09  8.53652e-09  8.53652e-09  8.53652e-09  8.53652e-09  8.53652e-09  1.69139  8.53652e-09  8.53652e-09  8.53652e-09  0.000363508
0.91  7.66254e-09  7.66254e-09  7.66254e-09  7.66254e-09  7.66254e-09  7.66254e-09  7.66254e-09  7.66254e-09  1.99479  7.66254e-09  7.66254e-09  7.66254e-09  0.000371594
0.92  6.78123e-09  6.78123e-09  6.78123e-09  6.78123e-09  6.78123e-09  6.78123e-09  6.78123e-09  6.78123e-09  2.38923  6.78123e-09  6.78123e-09  6.78123e-09  0.000379331
0.93  5.89357e-09  5.89357e-09  5.89357e-09  5.89357e-09  5.89357e-09  5.89357e-09  5.89357e-09  5.89357e-09  2.91801  5.89357e-09  5.89357e-09  5.89357e-09  0.000386523
0.94  5.00108e-09  5.00108e-09  5.00108e-09  5.00108e-09  5.00108e-09  5.00108e-09  5.00108e-09  5.00108e-09  3.65558  5.00108e-09  5.00108e-09  5.00108e-09  0.000392872
0.95  4.10608e-09  4.10608e-09  4.10608e-09  4.10608e-09  4.10608e-09  4.10608e-09  4.10608e-09  4.10608e-09  4.74057  4.10608e-09  4.10608e-09  4.10608e-09  0.000397906
0.96  3.21219e-09  3.21219e-09  3.21219e-09  3.21219e-09  3.21219e-09  3.21219e-09  3.21219e-09  3.21219e-09  6.46129  3.21219e-09  3.21219e-09  3.21219e-09  0.000400806
0.97  2.32546e-09  2.32546e-09  2.32546e-09  2.32546e-09  2.32546e-09  2.32546e-09  2.32546e-09  2.32546e-09  9.52217  2.32546e-09  2.32546e-09  2.32546e-09  0.000399985
0.98  1.4571e-09  1.4571e-09  1.4571e-09  1.4571e-09  1.4571e-09  1.4571e-09  1.4571e-09  1.4571e-09  16.1625  1.4571e-09  1.4571e-09  1.4571e-09  0.000391716
0.99  6.33142e-10  6.33141e-10  6.33142e-10  6.33141e-10  6.33142e-10  6.33141e-10  6.33142e-10  6.33141e-10  38.568  6.33143e-10  6.33142e-10  6.33141e-10  0.000363266
0.999  2.3686e-11  2.36514e-11  2.3686e-11  2.36514e-11  2.3686e-11  2.36514e-11  2.3686e-11  2.36514e-11  537.639  2.36636e-11  2.3686e-11  2.36514e-11  0.000193798
0.9999  -3.2535e-14  2.93616e-15  -3.2535e-14  2.93616e-15  -3.2535e-14  2.93616e-15  -3.2535e-14  2.93616e-15  1235.63  -5.47561e-14  -3.2535e-14  2.93616e-15  1.99182e-05
