1e-05  0.00871931  0.00871676  0.00871676  0.00871676  0.00871676  0.00871676  0.00871676  0.00871676  0.00871676  0.00871676  0.00871676  0.00871676  0.0190295
0.0001  0.00668036  0.00665746  0.00665746  0.00665746  0.00665746  0.00665746  0.00665746  0.00665746  0.00665746  0.00665746  0.00665746  0.00665746  0.0145152
0.001  0.00519727  0.00499261  0.00499261  0.00499261  0.00499261  0.00499261  0.00499261  0.00499261  0.00499261  0.00499261  0.00499261  0.00499261  0.0109282
0.01  0.00538398  0.00354914  0.00354914  0.00354914  0.00354914  0.00354914  0.00354914  0.00354914  0.00354914  0.00354914  0.00354914  0.00354914  0.00834159
0.1  0.0195742  0.0019176  0.0019176  0.0019176  0.0019176  0.0019176  0.0019176  0.0019176  0.0019176  0.0019176  0.0019176  0.0019176  0.00851984
0.3  0.0608953  0.00100776  0.00100776  0.00100776  0.00100776  0.00100776  0.00100776  0.00100776  0.00100776  0.00100776  0.00100776  0.00100776  0.00987137
0.5  0.148686  0.000587071  0.000587071  0.000587071  0.000587071  0.000587071  0.000587071  0.000587071  0.000587071  0.000587071  0.000587071  0.000587071  0.0118928
0.7  0.3467  0.000309763  0.000309763  0.000309763  0.000309763  0.000309763  0.000309763  0.000309763  0.000309763  0.000309763  0.000309763  0.000309763  0.0147469
0.9  1.26337  8.26941e-05  8.26941e-05  8.26941e-05  8.26941e-05  8.26941e-05  8.26941e-05  8.26941e-05  8.26941e-05  8.26941e-05  8.26941e-05  8.26941e-05  0.0165469
0.95  2.49348  3.40312e-05  3.40312e-05  3.40312e-05  3.40312e-05  3.40312e-05  3.40312e-05  3.40312e-05  3.40312e-05  3.40312e-05  3.40312e-05  3.40312e-05  0.0149165
0.99  15.1544  3.08251e-06  3.08251e-06  3.08251e-06  3.08251e-06  3.08251e-06  3.08251e-06  3.08251e-06  3.08251e-06  3.08251e-06  3.08251e-06  3.08251e-06  0.00891607
0.999  50.7188  3.26451e-08  3.26451e-08  3.26451e-08  3.26451e-08  3.26451e-08  3.26451e-08  3.26451e-08  3.26451e-08  3.26451e-08  3.26451e-08  3.26451e-08  0.000908647
1  33.7074  4.71985e-10  4.71985e-10  4.71985e-10  4.71985e-10  4.71985e-10  4.71985e-10  4.71985e-10  4.71985e-10  4.71985e-10  4.71985e-10  4.71985e-10  5.86964e-05
