1e-05  0  0  0  0  0  0  0  0  0  0  0  0  0
0.0001  0  0  0  0  0  0  0  0  0  0  0  0  0
0.001  0  0  0  0  0  0  0  0  0  0  0  0  0
0.01  0  0  0  0  0  0  0  0  0  0  0  0  0
0.1  0  0  0  0  0  0  0  0  0  0  0  0  0
0.3  0  0  0  0  0  0  0  0  0  0  0  0  0
0.5  0  0  0  0  0  0  0  0  0  0  0  0  0
0.7  0  0  0  0  0  0  0  0  0  0  0  0  0
0.9  0  0  0  0  0  0  0  0  0  0  0  0  0
0.95  0  0  0  0  0  0  0  0  0  0  0  0  0
0.99  0.552078  0  0  0  0  0  0  0  0  0  0  0  0
0.999  179.82  0  0  0  0  0  0  0  0  0  0  0  0
1  200  0  0  0  0  0  0  0  0  0  0  0  0
