1e-05  0.00497634  0.00497634  0.208452  0.208452  0.208452  0.208452  0.208452  0.208452  0.208466  0.208452  0.208452  0.208452  0.434303
0.0001  0.00254886  0.00254886  0.118859  0.118859  0.118859  0.118859  0.118859  0.118859  0.118967  0.118859  0.118859  0.118859  0.245803
0.001  0.00121503  0.00121503  0.0647321  0.0647321  0.0647321  0.0647321  0.0647321  0.0647321  0.0655674  0.0647321  0.0647321  0.0647321  0.132769
0.01  0.000517985  0.000517985  0.0325789  0.0325789  0.0325789  0.0325789  0.0325789  0.0325789  0.0389266  0.0325789  0.0325789  0.0325789  0.0677401
0.1  0.000163746  0.000163746  0.0123418  0.0123418  0.0123418  0.0123418  0.0123418  0.0123418  0.0627985  0.0123418  0.0123418  0.0123418  0.0350809
0.3  6.34481e-05  6.34481e-05  0.00521584  0.00521584  0.00521584  0.00521584  0.00521584  0.00521584  0.171573  0.00521584  0.00521584  0.00521584  0.0283441
0.5  2.94141e-05  2.94141e-05  0.00254177  0.00254177  0.00254177  0.00254177  0.00254177  0.00254177  0.357527  0.00254177  0.00254177  0.00254177  0.0266172
0.7  1.14046e-05  1.14046e-05  0.00104083  0.00104083  0.00104083  0.00104083  0.00104083  0.00104083  0.702851  0.00104083  0.00104083  0.00104083  0.024001
0.9  1.62822e-06  1.62822e-06  0.000162884  0.000162884  0.000162884  0.000162884  0.000162884  0.000162884  1.69544  0.000162884  0.000162884  0.000162884  0.0139485
0.95  4.60627e-07  4.60627e-07  4.83155e-05  4.83155e-05  4.83155e-05  4.83155e-05  4.83155e-05  4.83155e-05  2.55852  4.83155e-05  4.83155e-05  4.83155e-05  0.00863812
0.99  1.76242e-08  1.76242e-08  2.01741e-06  2.01741e-06  2.01741e-06  2.01741e-06  2.01741e-06  2.01741e-06  6.89894  2.01741e-06  2.01741e-06  2.01741e-06  0.00214453
0.999  7.02802e-11  7.028e-11  8.63064e-09  8.63064e-09  8.63064e-09  8.63064e-09  8.63064e-09  8.63064e-09  4.95087  8.63064e-09  8.63064e-09  8.63064e-09  8.37803e-05
1  6.39389e-13  6.39324e-13  8.01891e-11  8.01895e-11  8.01891e-11  8.01895e-11  8.01891e-11  8.01895e-11  1.49162  8.01887e-11  8.01891e-11  8.01895e-11  2.91155e-06
