1e-05  0  0  0.00632667  0.00632667  0.00632667  0.00632667  0.00632667  0.00632667  0.00632886  0.00632667  0.00632667  0.00632667  0.0138726
0.0001  0  0  0.00495229  0.00495229  0.00495229  0.00495229  0.00495229  0.00495229  0.00497208  0.00495229  0.00495229  0.00495229  0.0108504
0.001  0  0  0.003813  0.003813  0.003813  0.003813  0.003813  0.003813  0.00399189  0.003813  0.003813  0.003813  0.00840037
0.01  0  0  0.00278501  0.00278501  0.00278501  0.00278501  0.00278501  0.00278501  0.00440924  0.00278501  0.00278501  0.00278501  0.00666169
0.1  0  0  0.00154273  0.00154273  0.00154273  0.00154273  0.00154273  0.00154273  0.0174079  0.00154273  0.00154273  0.00154273  0.00739221
0.3  0  0  0.000822056  0.000822056  0.000822056  0.000822056  0.000822056  0.000822056  0.05417  0.000822056  0.000822056  0.000822056  0.00880097
0.5  0  0  0.00048406  0.00048406  0.00048406  0.00048406  0.00048406  0.00048406  0.133631  0.00048406  0.00048406  0.00048406  0.0107926
0.7  0  0  0.000259417  0.000259417  0.000259417  0.000259417  0.000259417  0.000259417  0.313751  0.000259417  0.000259417  0.000259417  0.0136163
0.9  0  0  7.1739e-05  7.1739e-05  7.1739e-05  7.1739e-05  7.1739e-05  7.1739e-05  1.17235  7.1739e-05  7.1739e-05  7.1739e-05  0.0159834
0.95  0  0  3.01863e-05  3.01863e-05  3.01863e-05  3.01863e-05  3.01863e-05  3.01863e-05  2.35428  3.01863e-05  3.01863e-05  3.01863e-05  0.0148009
0.99  0  0  2.88312e-06  2.88312e-06  2.88312e-06  2.88312e-06  2.88312e-06  2.88312e-06  15.1491  2.88312e-06  2.88312e-06  2.88312e-06  0.00943918
0.999  0  0  3.24149e-08  3.24149e-08  3.24149e-08  3.24149e-08  3.24149e-08  3.24149e-08  58.8843  3.24149e-08  3.24149e-08  3.24149e-08  0.00103241
1  0  0  4.84906e-10  4.84908e-10  4.84906e-10  4.84908e-10  4.84906e-10  4.84908e-10  41.2004  4.84913e-10  4.84906e-10  4.84908e-10  6.9916e-05
