1e-05  1.00339e-05  1.00339e-05  0.203648  0.203648  0.203648  0.203648  0.203648  0.203648  0.203662  0.203648  0.203648  0.203648  0.424696
0.0001  5.14657e-06  5.14657e-06  0.116414  0.116414  0.116414  0.116414  0.116414  0.116414  0.116521  0.116414  0.116414  0.116414  0.240993
0.001  2.45731e-06  2.45731e-06  0.0635785  0.0635785  0.0635785  0.0635785  0.0635785  0.0635785  0.0644045  0.0635785  0.0635785  0.0635785  0.130551
0.01  1.04959e-06  1.04959e-06  0.0320982  0.0320982  0.0320982  0.0320982  0.0320982  0.0320982  0.0383844  0.0320982  0.0320982  0.0320982  0.0668368
0.1  3.3263e-07  3.3263e-07  0.0122017  0.0122017  0.0122017  0.0122017  0.0122017  0.0122017  0.0622615  0.0122017  0.0122017  0.0122017  0.0347816
0.3  1.29139e-07  1.29139e-07  0.00516839  0.00516839  0.00516839  0.00516839  0.00516839  0.00516839  0.170417  0.00516839  0.00516839  0.00516839  0.0281948
0.5  5.99757e-08  5.99757e-08  0.00252354  0.00252354  0.00252354  0.00252354  0.00252354  0.00252354  0.355713  0.00252354  0.00252354  0.00252354  0.0265429
0.7  2.33131e-08  2.33131e-08  0.00103615  0.00103615  0.00103615  0.00103615  0.00103615  0.00103615  0.700771  0.00103615  0.00103615  0.00103615  0.0240157
0.9  3.3453e-09  3.3453e-09  0.000163031  0.000163031  0.000163031  0.000163031  0.000163031  0.000163031  1.69802  0.000163031  0.000163031  0.000163031  0.014046
0.95  9.49276e-10  9.49276e-10  4.85166e-05  4.85166e-05  4.85166e-05  4.85166e-05  4.85166e-05  4.85166e-05  2.56967  4.85166e-05  4.85166e-05  4.85166e-05  0.0087292
0.99  3.658e-11  3.65801e-11  2.04124e-06  2.04124e-06  2.04124e-06  2.04124e-06  2.04124e-06  2.04124e-06  6.98612  2.04124e-06  2.04124e-06  2.04124e-06  0.00218476
0.999  1.46648e-13  1.47042e-13  8.81229e-09  8.81229e-09  8.81229e-09  8.81229e-09  8.81229e-09  8.81229e-09  5.07398  8.81228e-09  8.81229e-09  8.81229e-09  8.61191e-05
1  1.33671e-15  1.32935e-15  8.22065e-11  8.2207e-11  8.22065e-11  8.2207e-11  8.22065e-11  8.2207e-11  1.54141  8.22061e-11  8.22065e-11  8.2207e-11  3.00987e-06
