1e-05  0.0241144  0.0241144  0.22699  0.22699  0.22699  0.22699  0.22699  0.22699  0.227005  0.22699  0.22699  0.22699  0.471349
0.0001  0.0122863  0.0122863  0.12823  0.12823  0.12823  0.12823  0.12823  0.12823  0.128344  0.12823  0.12823  0.12823  0.264225
0.001  0.00582175  0.00582175  0.0691205  0.0691205  0.0691205  0.0691205  0.0691205  0.0691205  0.0699909  0.0691205  0.0691205  0.0691205  0.141196
0.01  0.00246429  0.00246429  0.0343915  0.0343915  0.0343915  0.0343915  0.0343915  0.0343915  0.0409692  0.0343915  0.0343915  0.0343915  0.0711367
0.1  0.000771807  0.000771807  0.0128636  0.0128636  0.0128636  0.0128636  0.0128636  0.0128636  0.0647995  0.0128636  0.0128636  0.0128636  0.0361894
0.3  0.000296902  0.000296902  0.00539078  0.00539078  0.00539078  0.00539078  0.00539078  0.00539078  0.175845  0.00539078  0.00539078  0.00539078  0.028888
0.5  0.000136727  0.000136727  0.00260824  0.00260824  0.00260824  0.00260824  0.00260824  0.00260824  0.364164  0.00260824  0.00260824  0.00260824  0.0268794
0.7  5.25171e-05  5.25171e-05  0.00105745  0.00105745  0.00105745  0.00105745  0.00105745  0.00105745  0.710272  0.00105745  0.00105745  0.00105745  0.0239344
0.9  7.35838e-06  7.35838e-06  0.000162207  0.000162207  0.000162207  0.000162207  0.000162207  0.000162207  1.68507  0.000162207  0.000162207  0.000162207  0.0135878
0.95  2.05844e-06  2.05844e-06  4.75404e-05  4.75404e-05  4.75404e-05  4.75404e-05  4.75404e-05  4.75404e-05  2.51638  4.75404e-05  4.75404e-05  4.75404e-05  0.00830633
0.99  7.67113e-08  7.67113e-08  1.93016e-06  1.93016e-06  1.93016e-06  1.93016e-06  1.93016e-06  1.93016e-06  6.58241  1.93016e-06  1.93016e-06  1.93016e-06  0.00200158
0.999  2.96265e-10  2.96265e-10  7.98458e-09  7.98458e-09  7.98458e-09  7.98458e-09  7.98458e-09  7.98458e-09  4.52016  7.98458e-09  7.98458e-09  7.98458e-09  7.56565e-05
1  2.65723e-12  2.65729e-12  7.30959e-11  7.30963e-11  7.30959e-11  7.30963e-11  7.30959e-11  7.30963e-11  1.32078  7.30954e-11  7.30959e-11  7.30963e-11  2.57482e-06
