1e-05  0  0  0.178366  0.178366  0.178366  0.178366  0.178366  0.178366  0.178378  0.178366  0.178366  0.178366  0.372988
0.0001  0  0  0.103429  0.103429  0.103429  0.103429  0.103429  0.103429  0.103529  0.103429  0.103429  0.103429  0.214781
0.001  0  0  0.0573868  0.0573868  0.0573868  0.0573868  0.0573868  0.0573868  0.0581618  0.0573868  0.0573868  0.0573868  0.118279
0.01  0  0  0.029485  0.029485  0.029485  0.029485  0.029485  0.029485  0.0354346  0.029485  0.029485  0.029485  0.0617349
0.1  0  0  0.0114277  0.0114277  0.0114277  0.0114277  0.0114277  0.0114277  0.0592908  0.0114277  0.0114277  0.0114277  0.0330231
0.3  0  0  0.0049025  0.0049025  0.0049025  0.0049025  0.0049025  0.0049025  0.163945  0.0049025  0.0049025  0.0049025  0.0272694
0.5  0  0  0.00241971  0.00241971  0.00241971  0.00241971  0.00241971  0.00241971  0.345412  0.00241971  0.00241971  0.00241971  0.0260318
0.7  0  0  0.00100857  0.00100857  0.00100857  0.00100857  0.00100857  0.00100857  0.688543  0.00100857  0.00100857  0.00100857  0.0240063
0.9  0  0  0.000163572  0.000163572  0.000163572  0.000163572  0.000163572  0.000163572  1.71066  0.000163572  0.000163572  0.000163572  0.0145507
0.95  0  0  4.95721e-05  4.95721e-05  4.95721e-05  4.95721e-05  4.95721e-05  4.95721e-05  2.62997  4.95721e-05  4.95721e-05  4.95721e-05  0.00922376
0.99  0  0  2.17627e-06  2.17627e-06  2.17627e-06  2.17627e-06  2.17627e-06  2.17627e-06  7.48611  2.17627e-06  2.17627e-06  2.17627e-06  0.00241611
0.999  0  0  9.88497e-09  9.88497e-09  9.88497e-09  9.88497e-09  9.88497e-09  9.88497e-09  5.81932  9.88498e-09  9.88497e-09  9.88497e-09  0.000100139
1  0  0  9.43234e-11  9.4323e-11  9.43234e-11  9.4323e-11  9.43234e-11  9.4323e-11  1.85147  9.43233e-11  9.43234e-11  9.4323e-11  3.61342e-06
