1e-05  0  0  0.203629  0.203629  0.203629  0.203629  0.203629  0.203629  0.203642  0.203629  0.203629  0.203629  0.424657
0.0001  0  0  0.116404  0.116404  0.116404  0.116404  0.116404  0.116404  0.116511  0.116404  0.116404  0.116404  0.240973
0.001  0  0  0.0635739  0.0635739  0.0635739  0.0635739  0.0635739  0.0635739  0.0643998  0.0635739  0.0635739  0.0635739  0.130542
0.01  0  0  0.0320962  0.0320962  0.0320962  0.0320962  0.0320962  0.0320962  0.0383822  0.0320962  0.0320962  0.0320962  0.0668331
0.1  0  0  0.0122012  0.0122012  0.0122012  0.0122012  0.0122012  0.0122012  0.0622594  0.0122012  0.0122012  0.0122012  0.0347804
0.3  0  0  0.0051682  0.0051682  0.0051682  0.0051682  0.0051682  0.0051682  0.170413  0.0051682  0.0051682  0.0051682  0.0281942
0.5  0  0  0.00252346  0.00252346  0.00252346  0.00252346  0.00252346  0.00252346  0.355706  0.00252346  0.00252346  0.00252346  0.0265426
0.7  0  0  0.00103613  0.00103613  0.00103613  0.00103613  0.00103613  0.00103613  0.700762  0.00103613  0.00103613  0.00103613  0.0240158
0.9  0  0  0.000163031  0.000163031  0.000163031  0.000163031  0.000163031  0.000163031  1.69804  0.000163031  0.000163031  0.000163031  0.0140464
0.95  0  0  4.85174e-05  4.85174e-05  4.85174e-05  4.85174e-05  4.85174e-05  4.85174e-05  2.56972  4.85174e-05  4.85174e-05  4.85174e-05  0.00872956
0.99  0  0  2.04134e-06  2.04134e-06  2.04134e-06  2.04134e-06  2.04134e-06  2.04134e-06  6.98648  2.04134e-06  2.04134e-06  2.04134e-06  0.00218492
0.999  0  0  8.81303e-09  8.81303e-09  8.81303e-09  8.81303e-09  8.81303e-09  8.81303e-09  5.07449  8.81303e-09  8.81303e-09  8.81303e-09  8.61287e-05
1  0  0  8.22145e-11  8.22152e-11  8.22145e-11  8.22152e-11  8.22145e-11  8.22152e-11  1.54161  8.22162e-11  8.22145e-11  8.22152e-11  3.01028e-06
