1e-05  0.00100176  0.00100176  0.204607  0.204607  0.204607  0.204607  0.204607  0.204607  0.204621  0.204607  0.204607  0.204607  0.426614
0.0001  0.000513677  0.000513677  0.116903  0.116903  0.116903  0.116903  0.116903  0.116903  0.11701  0.116903  0.116903  0.116903  0.241954
0.001  0.000245184  0.000245184  0.0638094  0.0638094  0.0638094  0.0638094  0.0638094  0.0638094  0.0646372  0.0638094  0.0638094  0.0638094  0.130995
0.01  0.000104685  0.000104685  0.0321945  0.0321945  0.0321945  0.0321945  0.0321945  0.0321945  0.0384931  0.0321945  0.0321945  0.0321945  0.067018
0.1  3.31595e-05  3.31595e-05  0.0122299  0.0122299  0.0122299  0.0122299  0.0122299  0.0122299  0.0623694  0.0122299  0.0122299  0.0122299  0.0348418
0.3  1.28687e-05  1.28687e-05  0.00517794  0.00517794  0.00517794  0.00517794  0.00517794  0.00517794  0.17065  0.00517794  0.00517794  0.00517794  0.0282249
0.5  5.9744e-06  5.9744e-06  0.00252721  0.00252721  0.00252721  0.00252721  0.00252721  0.00252721  0.356079  0.00252721  0.00252721  0.00252721  0.026558
0.7  2.32112e-06  2.32112e-06  0.00103709  0.00103709  0.00103709  0.00103709  0.00103709  0.00103709  0.701191  0.00103709  0.00103709  0.00103709  0.0240129
0.9  3.32728e-07  3.32728e-07  0.000163002  0.000163002  0.000163002  0.000163002  0.000163002  0.000163002  1.69751  0.000163002  0.000163002  0.000163002  0.0140264
0.95  9.43586e-08  9.43586e-08  4.84765e-05  4.84765e-05  4.84765e-05  4.84765e-05  4.84765e-05  4.84765e-05  2.56744  4.84765e-05  4.84765e-05  4.84765e-05  0.00871083
0.99  3.63089e-09  3.63089e-09  2.03644e-06  2.03644e-06  2.03644e-06  2.03644e-06  2.03644e-06  2.03644e-06  6.96853  2.03644e-06  2.03644e-06  2.03644e-06  0.00217661
0.999  1.45794e-11  1.45791e-11  8.77552e-09  8.77552e-09  8.77552e-09  8.77552e-09  8.77552e-09  8.77552e-09  5.04899  8.77552e-09  8.77552e-09  8.77552e-09  8.56437e-05
1  1.33043e-13  1.33075e-13  8.17973e-11  8.17979e-11  8.17973e-11  8.17979e-11  8.17973e-11  8.17979e-11  1.53127  8.17967e-11  8.17973e-11  8.17979e-11  2.98984e-06
