1e-05  0  0  0.198748  0.198748  0.198748  0.198748  0.198748  0.198748  0.198762  0.198748  0.198748  0.198748  0.414688
0.0001  0  0  0.113913  0.113913  0.113913  0.113913  0.113913  0.113913  0.114019  0.113913  0.113913  0.113913  0.235953
0.001  0  0  0.0623947  0.0623947  0.0623947  0.0623947  0.0623947  0.0623947  0.063211  0.0623947  0.0623947  0.0623947  0.12821
0.01  0  0  0.0316028  0.0316028  0.0316028  0.0316028  0.0316028  0.0316028  0.0378257  0.0316028  0.0316028  0.0316028  0.0658727
0.1  0  0  0.0120567  0.0120567  0.0120567  0.0120567  0.0120567  0.0120567  0.0617053  0.0120567  0.0120567  0.0120567  0.034454
0.3  0  0  0.00511904  0.00511904  0.00511904  0.00511904  0.00511904  0.00511904  0.169215  0.00511904  0.00511904  0.00511904  0.028025
0.5  0  0  0.00250447  0.00250447  0.00250447  0.00250447  0.00250447  0.00250447  0.353819  0.00250447  0.00250447  0.00250447  0.0264514
0.7  0  0  0.0010312  0.0010312  0.0010312  0.0010312  0.0010312  0.0010312  0.698574  0.0010312  0.0010312  0.0010312  0.0240177
0.9  0  0  0.000163168  0.000163168  0.000163168  0.000163168  0.000163168  0.000163168  1.70061  0.000163168  0.000163168  0.000163168  0.0141404
0.95  0  0  4.87217e-05  4.87217e-05  4.87217e-05  4.87217e-05  4.87217e-05  4.87217e-05  2.58115  4.87217e-05  4.87217e-05  4.87217e-05  0.00882014
0.99  0  0  2.06611e-06  2.06611e-06  2.06611e-06  2.06611e-06  2.06611e-06  2.06611e-06  7.07744  2.06611e-06  2.06611e-06  2.06611e-06  0.00222621
0.999  0  0  9.00426e-09  9.00427e-09  9.00426e-09  9.00427e-09  9.00426e-09  9.00427e-09  5.20507  9.00426e-09  9.00426e-09  9.00427e-09  8.85736e-05
1  0  0  8.43495e-11  8.43498e-11  8.43495e-11  8.43498e-11  8.43495e-11  8.43498e-11  1.59488  8.43497e-11  8.43495e-11  8.43498e-11  3.11401e-06
