1e-05  2.46785  2.46785  2.6481  2.6481  2.6481  2.6481  2.6481  2.6481  2.64818  2.6481  2.6481  2.6481  5.08133
0.0001  0.995973  0.995973  1.09816  1.09816  1.09816  1.09816  1.09816  1.09816  1.09865  1.09816  1.09816  1.09816  2.06361
0.001  0.365022  0.365022  0.420104  0.420104  0.420104  0.420104  0.420104  0.420104  0.423264  0.420104  0.420104  0.420104  0.767191
0.01  0.11524  0.11524  0.142105  0.142105  0.142105  0.142105  0.142105  0.142105  0.16157  0.142105  0.142105  0.142105  0.252385
0.1  0.0248921  0.0248921  0.0338435  0.0338435  0.0338435  0.0338435  0.0338435  0.0338435  0.152185  0.0338435  0.0338435  0.0338435  0.0723107
0.3  0.00714826  0.00714826  0.0102787  0.0102787  0.0102787  0.0102787  0.0102787  0.0102787  0.318411  0.0102787  0.0102787  0.0102787  0.0381254
0.5  0.00251196  0.00251196  0.00374062  0.00374062  0.00374062  0.00374062  0.00374062  0.00374062  0.512005  0.00374062  0.00374062  0.00374062  0.0251747
0.7  0.000667322  0.000667322  0.00103116  0.00103116  0.00103116  0.00103116  0.00103116  0.00103116  0.71506  0.00103116  0.00103116  0.00103116  0.0142445
0.9  4.56383e-05  4.56383e-05  7.45951e-05  7.45951e-05  7.45951e-05  7.45951e-05  7.45951e-05  7.45951e-05  0.86647  7.45951e-05  7.45951e-05  7.45951e-05  0.00358923
0.95  8.31882e-06  8.31882e-06  1.39583e-05  1.39583e-05  1.39583e-05  1.39583e-05  1.39583e-05  1.39583e-05  0.853005  1.39583e-05  1.39583e-05  1.39583e-05  0.0013939
0.99  1.13268e-07  1.13268e-07  1.9858e-07  1.9858e-07  1.9858e-07  1.9858e-07  1.9858e-07  1.9858e-07  0.702385  1.9858e-07  1.9858e-07  1.9858e-07  0.00011541
0.999  1.23741e-10  1.23741e-10  2.24194e-10  2.24194e-10  2.24194e-10  2.24194e-10  2.24194e-10  2.24194e-10  0.111285  2.24194e-10  2.24194e-10  2.24194e-10  1.23085e-06
1  6.74234e-13  6.74236e-13  1.23101e-12  1.23101e-12  1.23101e-12  1.23101e-12  1.23101e-12  1.23101e-12  0.0104399  1.23101e-12  1.23101e-12  1.23101e-12  2.02012e-08
