1e-05  1.29432  1.29432  1.48094  1.48094  1.48094  1.48094  1.48094  1.48094  1.48099  1.48094  1.48094  1.48094  2.90073
0.0001  0.55992  0.55992  0.665971  0.665971  0.665971  0.665971  0.665971  0.665971  0.66631  0.665971  0.665971  0.665971  1.28212
0.001  0.221364  0.221364  0.278757  0.278757  0.278757  0.278757  0.278757  0.278757  0.281046  0.278757  0.278757  0.278757  0.52447
0.01  0.0761102  0.0761102  0.104403  0.104403  0.104403  0.104403  0.104403  0.104403  0.119326  0.104403  0.104403  0.104403  0.193069
0.1  0.0182988  0.0182988  0.0281087  0.0281087  0.0281087  0.0281087  0.0281087  0.0281087  0.126044  0.0281087  0.0281087  0.0281087  0.064177
0.3  0.00572381  0.00572381  0.0093568  0.0093568  0.0093568  0.0093568  0.0093568  0.0093568  0.283959  0.0093568  0.0093568  0.0093568  0.0377973
0.5  0.00217765  0.00217765  0.00369881  0.00369881  0.00369881  0.00369881  0.00369881  0.00369881  0.492371  0.00369881  0.00369881  0.00369881  0.0274568
0.7  0.000643437  0.000643437  0.00113864  0.00113864  0.00113864  0.00113864  0.00113864  0.00113864  0.760213  0.00113864  0.00113864  0.00113864  0.0175689
0.9  5.39975e-05  5.39975e-05  0.000101855  0.000101855  0.000101855  0.000101855  0.000101855  0.000101855  1.12257  0.000101855  0.000101855  0.000101855  0.00550741
0.95  1.11257e-05  1.11257e-05  2.1637e-05  2.1637e-05  2.1637e-05  2.1637e-05  2.1637e-05  2.1637e-05  1.24829  2.1637e-05  2.1637e-05  2.1637e-05  0.00242235
0.99  2.0224e-07  2.0224e-07  4.14332e-07  4.14332e-07  4.14332e-07  4.14332e-07  4.14332e-07  4.14332e-07  1.42836  4.14332e-07  4.14332e-07  4.14332e-07  0.000270519
0.999  3.19366e-10  3.19366e-10  6.80547e-10  6.80547e-10  6.80547e-10  6.80547e-10  6.80547e-10  6.80547e-10  0.336092  6.80547e-10  6.80547e-10  6.80547e-10  4.16945e-06
1  1.99094e-12  1.99094e-12  4.28394e-12  4.28395e-12  4.28394e-12  4.28395e-12  4.28394e-12  4.28395e-12  0.0429953  4.28394e-12  4.28394e-12  4.28395e-12  8.32021e-08
