1e-05  0.225602  0.225602  0.423732  0.423732  0.423732  0.423732  0.423732  0.423732  0.423753  0.423732  0.423732  0.423732  0.861854
0.0001  0.109966  0.109966  0.223018  0.223018  0.223018  0.223018  0.223018  0.223018  0.223179  0.223018  0.223018  0.223018  0.448901
0.001  0.0495776  0.0495776  0.11115  0.11115  0.11115  0.11115  0.11115  0.11115  0.112337  0.11115  0.11115  0.11115  0.220906
0.01  0.0197997  0.0197997  0.0506679  0.0506679  0.0506679  0.0506679  0.0506679  0.0506679  0.0592469  0.0506679  0.0506679  0.0506679  0.101034
0.1  0.00575286  0.00575286  0.0171669  0.0171669  0.0171669  0.0171669  0.0171669  0.0171669  0.0814043  0.0171669  0.0171669  0.0171669  0.0449494
0.3  0.00208746  0.00208746  0.00672961  0.00672961  0.00672961  0.00672961  0.00672961  0.00672961  0.209286  0.00672961  0.00672961  0.00672961  0.0326921
0.5  0.000910965  0.000910965  0.00307395  0.00307395  0.00307395  0.00307395  0.00307395  0.00307395  0.412342  0.00307395  0.00307395  0.00307395  0.0282871
0.7  0.000324582  0.000324582  0.00115111  0.00115111  0.00115111  0.00115111  0.00115111  0.00115111  0.754001  0.00115111  0.00115111  0.00115111  0.0228187
0.9  3.91933e-05  3.91933e-05  0.000150796  0.000150796  0.000150796  0.000150796  0.000150796  0.000150796  1.56473  0.000150796  0.000150796  0.000150796  0.0108103
0.95  1.00322e-05  1.00322e-05  4.02135e-05  4.02135e-05  4.02135e-05  4.02135e-05  4.02135e-05  4.02135e-05  2.14875  4.02135e-05  4.02135e-05  4.02135e-05  0.00598051
0.99  3.03615e-07  3.03615e-07  1.30984e-06  1.30984e-06  1.30984e-06  1.30984e-06  1.30984e-06  1.30984e-06  4.42037  1.30984e-06  1.30984e-06  1.30984e-06  0.00114501
0.999  9.08521e-10  9.08521e-10  4.15168e-09  4.15168e-09  4.15168e-09  4.15168e-09  4.15168e-09  4.15168e-09  2.17712  4.15167e-09  4.15168e-09  4.15168e-09  3.34068e-05
1  7.30164e-12  7.30171e-12  3.39059e-11  3.39061e-11  3.39059e-11  3.39061e-11  3.39059e-11  3.39061e-11  0.498849  3.39057e-11  3.39059e-11  3.39061e-11  9.67313e-07
