1e-05  0  0  0.202667  0.202667  0.202667  0.202667  0.202667  0.202667  0.20268  0.202667  0.202667  0.202667  0.422692
0.0001  0  0  0.115914  0.115914  0.115914  0.115914  0.115914  0.115914  0.116021  0.115914  0.115914  0.115914  0.239985
0.001  0  0  0.063342  0.063342  0.063342  0.063342  0.063342  0.063342  0.064166  0.063342  0.063342  0.063342  0.130083
0.01  0  0  0.0319994  0.0319994  0.0319994  0.0319994  0.0319994  0.0319994  0.038273  0.0319994  0.0319994  0.0319994  0.0666447
0.1  0  0  0.0121728  0.0121728  0.0121728  0.0121728  0.0121728  0.0121728  0.0621508  0.0121728  0.0121728  0.0121728  0.0347165
0.3  0  0  0.00515858  0.00515858  0.00515858  0.00515858  0.00515858  0.00515858  0.170178  0.00515858  0.00515858  0.00515858  0.0281612
0.5  0  0  0.00251975  0.00251975  0.00251975  0.00251975  0.00251975  0.00251975  0.355337  0.00251975  0.00251975  0.00251975  0.0265249
0.7  0  0  0.00103517  0.00103517  0.00103517  0.00103517  0.00103517  0.00103517  0.700337  0.00103517  0.00103517  0.00103517  0.0240163
0.9  0  0  0.000163059  0.000163059  0.000163059  0.000163059  0.000163059  0.000163059  1.69855  0.000163059  0.000163059  0.000163059  0.0140648
0.95  0  0  4.85577e-05  4.85577e-05  4.85577e-05  4.85577e-05  4.85577e-05  4.85577e-05  2.57196  4.85577e-05  4.85577e-05  4.85577e-05  0.00874724
0.99  0  0  2.04617e-06  2.04617e-06  2.04617e-06  2.04617e-06  2.04617e-06  2.04617e-06  7.00422  2.04617e-06  2.04617e-06  2.04617e-06  0.00219294
0.999  0  0  8.85018e-09  8.85018e-09  8.85018e-09  8.85018e-09  8.85018e-09  8.85018e-09  5.09978  8.85019e-09  8.85018e-09  8.85018e-09  8.66018e-05
1  0  0  8.26285e-11  8.26288e-11  8.26285e-11  8.26288e-11  8.26285e-11  8.26288e-11  1.55189  8.26293e-11  8.26285e-11  8.26288e-11  3.0303e-06
