1e-05  0  0  0  0  0  0  0  0  4.6621e-06  0  0  0  0
0.0001  0  0  0  0  0  0  0  0  4.40851e-05  0  0  0  0
0.001  0  0  0  0  0  0  0  0  0.000416709  0  0  0  0
0.01  0  0  0  0  0  0  0  0  0.00396223  0  0  0  0
0.1  0  0  0  0  0  0  0  0  0.0397899  0  0  0  0
0.3  0  0  0  0  0  0  0  0  0.0614974  0  0  0  0
0.5  0  0  0  0  0  0  0  0  0.1558  0  0  0  0
0.7  0  0  0  0  0  0  0  0  0.238585  0  0  0  0
0.9  0  0  0  0  0  0  0  0  0.821441  0  0  0  0
0.95  0  0  0  0  0  0  0  0  1.75123  0  0  0  0
0.99  0  0  0  0  0  0  0  0  15.1034  0  0  0  0
0.999  0  0  0  0  0  0  0  0  129.407  0  0  0  0
1  0  0  0  0  0  0  0  0  101.058  0  0  0  0
