1e-05  0  0  0  0  0  0  0  0  1.44111e-05  0  0  0  0
0.0001  0  0  0  0  0  0  0  0  0.000136336  0  0  0  0
0.001  0  0  0  0  0  0  0  0  0.00128933  0  0  0  0
0.01  0  0  0  0  0  0  0  0  0.0122658  0  0  0  0
0.1  0  0  0  0  0  0  0  0  0.125055  0  0  0  0
0.3  0  0  0  0  0  0  0  0  0.181935  0  0  0  0
0.5  0  0  0  0  0  0  0  0  0.461659  0  0  0  0
0.7  0  0  0  0  0  0  0  0  0.4636  0  0  0  0
0.9  0  0  0  0  0  0  0  0  1.09179  0  0  0  0
0.95  0  0  0  0  0  0  0  0  2.59864  0  0  0  0
0.99  0  0  0  0  0  0  0  0  7.49494  0  0  0  0
0.999  0  0  0  0  0  0  0  0  135.705  0  0  0  0
1  0  0  0  0  0  0  0  0  112.216  0  0  0  0
