1e-05  0  0  0  0  0  0  0  0  9.07959e-06  0  0  0  0
0.0001  0  0  0  0  0  0  0  0  7.34111e-05  0  0  0  0
0.001  0  0  0  0  0  0  0  0  0.000586763  0  0  0  0
0.01  0  0  0  0  0  0  0  0  0.00465577  0  0  0  0
0.1  0  0  0  0  0  0  0  0  0.039321  0  0  0  0
0.3  0  0  0  0  0  0  0  0  0.135234  0  0  0  0
0.5  0  0  0  0  0  0  0  0  0.300928  0  0  0  0
0.7  0  0  0  0  0  0  0  0  0.630716  0  0  0  0
0.9  0  0  0  0  0  0  0  0  1.6919  0  0  0  0
0.95  0  0  0  0  0  0  0  0  2.71894  0  0  0  0
0.99  0  0  0  0  0  0  0  0  8.83151  0  0  0  0
0.999  0  0  0  0  0  0  0  0  8.65026  0  0  0  0
1  0  0  0  0  0  0  0  0  2.21625  0  0  0  0
