1e-05  0  0  0  0  0  0  0  0  6.48101e-05  0  0  0  0
0.0001  0  0  0  0  0  0  0  0  0.000504474  0  0  0  0
0.001  0  0  0  0  0  0  0  0  0.00384735  0  0  0  0
0.01  0  0  0  0  0  0  0  0  0.0286079  0  0  0  0
0.1  0  0  0  0  0  0  0  0  0.181755  0  0  0  0
0.3  0  0  0  0  0  0  0  0  0.365854  0  0  0  0
0.5  0  0  0  0  0  0  0  0  0.706955  0  0  0  0
0.7  0  0  0  0  0  0  0  0  0.947629  0  0  0  0
0.9  0  0  0  0  0  0  0  0  2.30755  0  0  0  0
0.95  0  0  0  0  0  0  0  0  3.65573  0  0  0  0
0.99  0  0  0  0  0  0  0  0  8.85703  0  0  0  0
0.999  0  0  0  0  0  0  0  0  14.766  0  0  0  0
1  0  0  0  0  0  0  0  0  9.22722  0  0  0  0
