1e-05  0  0  0  0  0  0  0  0  0.000127764  0  0  0  0
0.0001  0  0  0  0  0  0  0  0  0.000909842  0  0  0  0
0.001  0  0  0  0  0  0  0  0  0.00625904  0  0  0  0
0.01  0  0  0  0  0  0  0  0  0.0409891  0  0  0  0
0.1  0  0  0  0  0  0  0  0  0.218423  0  0  0  0
0.3  0  0  0  0  0  0  0  0  0.457455  0  0  0  0
0.5  0  0  0  0  0  0  0  0  0.783078  0  0  0  0
0.7  0  0  0  0  0  0  0  0  1.05295  0  0  0  0
0.9  0  0  0  0  0  0  0  0  2.05199  0  0  0  0
0.95  0  0  0  0  0  0  0  0  2.82199  0  0  0  0
0.99  0  0  0  0  0  0  0  0  4.41101  0  0  0  0
0.999  0  0  0  0  0  0  0  0  3.10091  0  0  0  0
1  0  0  0  0  0  0  0  0  2.07454  0  0  0  0
