1e-05  0  0  0  0  0  0  0  0  0.000101699  0  0  0  0
0.0001  0  0  0  0  0  0  0  0  -0.00260646  0  0  0  0
0.001  0  0  0  0  0  0  0  0  0.0447427  0  0  0  0
0.01  0  0  0  0  0  0  0  0  -0.0296206  0  0  0  0
0.1  0  0  0  0  0  0  0  0  -9.42068  0  0  0  0
0.3  0  0  0  0  0  0  0  0  4.04722  0  0  0  0
0.5  0  0  0  0  0  0  0  0  12.6505  0  0  0  0
0.7  0  0  0  0  0  0  0  0  4.53084  0  0  0  0
0.9  0  0  0  0  0  0  0  0  -2.41381  0  0  0  0
0.95  0  0  0  0  0  0  0  0  -8.76628  0  0  0  0
0.99  0  0  0  0  0  0  0  0  109.585  0  0  0  0
0.999  0  0  0  0  0  0  0  0  130.113  0  0  0  0
1  0  0  0  0  0  0  0  0  127.992  0  0  0  0
