1e-05  0  0  0  0  0  0  0  0  4.26648e-05  0  0  0  0
0.0001  0  0  0  0  0  0  0  0  0.000300401  0  0  0  0
0.001  0  0  0  0  0  0  0  0  0.0020569  0  0  0  0
0.01  0  0  0  0  0  0  0  0  0.0136511  0  0  0  0
0.1  0  0  0  0  0  0  0  0  0.0917199  0  0  0  0
0.3  0  0  0  0  0  0  0  0  0.262928  0  0  0  0
0.5  0  0  0  0  0  0  0  0  0.478829  0  0  0  0
0.7  0  0  0  0  0  0  0  0  0.766971  0  0  0  0
0.9  0  0  0  0  0  0  0  0  1.20542  0  0  0  0
0.95  0  0  0  0  0  0  0  0  1.39193  0  0  0  0
0.99  0  0  0  0  0  0  0  0  1.76548  0  0  0  0
0.999  0  0  0  0  0  0  0  0  0.470889  0  0  0  0
1  0  0  0  0  0  0  0  0  0.0665746  0  0  0  0
