1e-05  0  0  0  0  0  0  0  0  -0.00271189  0  0  0  0
0.0001  0  0  0  0  0  0  0  0  0.00816608  0  0  0  0
0.001  0  0  0  0  0  0  0  0  -0.0202728  0  0  0  0
0.01  0  0  0  0  0  0  0  0  -1.00869  0  0  0  0
0.1  0  0  0  0  0  0  0  0  -5.43133  0  0  0  0
0.3  0  0  0  0  0  0  0  0  3.84756  0  0  0  0
0.5  0  0  0  0  0  0  0  0  25.0174  0  0  0  0
0.7  0  0  0  0  0  0  0  0  1.06483  0  0  0  0
0.9  0  0  0  0  0  0  0  0  -2.79639  0  0  0  0
0.95  0  0  0  0  0  0  0  0  -16.3664  0  0  0  0
0.99  0  0  0  0  0  0  0  0  115.439  0  0  0  0
0.999  0  0  0  0  0  0  0  0  131.245  0  0  0  0
1  0  0  0  0  0  0  0  0  129.273  0  0  0  0
