1e-05  0  0  0  0  0  0  0  0  0.000103742  0  0  0  0
0.0001  0  0  0  0  0  0  0  0  0.000759291  0  0  0  0
0.001  0  0  0  0  0  0  0  0  0.00539262  0  0  0  0
0.01  0  0  0  0  0  0  0  0  0.0367411  0  0  0  0
0.1  0  0  0  0  0  0  0  0  0.206746  0  0  0  0
0.3  0  0  0  0  0  0  0  0  0.42986  0  0  0  0
0.5  0  0  0  0  0  0  0  0  0.764964  0  0  0  0
0.7  0  0  0  0  0  0  0  0  1.03396  0  0  0  0
0.9  0  0  0  0  0  0  0  0  2.17886  0  0  0  0
0.95  0  0  0  0  0  0  0  0  3.13738  0  0  0  0
0.99  0  0  0  0  0  0  0  0  5.61648  0  0  0  0
0.999  0  0  0  0  0  0  0  0  5.2258  0  0  0  0
1  0  0  0  0  0  0  0  0  3.38805  0  0  0  0
