1e-05  0  0  0  0  0  0  0  0  5.74609e-05  0  0  0  0
0.0001  0  0  0  0  0  0  0  0  0.00060278  0  0  0  0
0.001  0  0  0  0  0  0  0  0  0.00851224  0  0  0  0
0.01  0  0  0  0  0  0  0  0  -0.107882  0  0  0  0
0.1  0  0  0  0  0  0  0  0  3.028  0  0  0  0
0.3  0  0  0  0  0  0  0  0  -0.547985  0  0  0  0
0.5  0  0  0  0  0  0  0  0  -10.2474  0  0  0  0
0.7  0  0  0  0  0  0  0  0  1.42429  0  0  0  0
0.9  0  0  0  0  0  0  0  0  4.5655  0  0  0  0
0.95  0  0  0  0  0  0  0  0  12.2128  0  0  0  0
0.99  0  0  0  0  0  0  0  0  97.4124  0  0  0  0
0.999  0  0  0  0  0  0  0  0  128.186  0  0  0  0
1  0  0  0  0  0  0  0  0  125.803  0  0  0  0
