1e-05  0  0  0  0  0  0  0  0  -2.27934e-22  0  0  0  0
0.0001  0  0  0  0  0  0  0  0  -2.27865e-21  0  0  0  0
0.001  0  0  0  0  0  0  0  0  -2.27972e-20  0  0  0  0
0.01  0  0  0  0  0  0  0  0  -2.30014e-19  0  0  0  0
0.1  0  0  0  0  0  0  0  0  -2.56293e-18  0  0  0  0
0.3  0  0  0  0  0  0  0  0  -1.02637e-17  0  0  0  0
0.5  0  0  0  0  0  0  0  0  -2.82973e-17  0  0  0  0
0.7  0  0  0  0  0  0  0  0  -8.25332e-17  0  0  0  0
0.9  0  0  0  0  0  0  0  0  0.0116805  0  0  0  0
0.95  0  0  0  0  0  0  0  0  10  0  0  0  0
0.99  0  0  0  0  0  0  0  0  18  0  0  0  0
0.999  0  0  0  0  0  0  0  0  19.8  0  0  0  0
1  0  0  0  0  0  0  0  0  20  0  0  0  0
