1e-05  0  0  0  0  0  0  0  0  1.88818e-06  0  0  0  0
0.0001  0  0  0  0  0  0  0  0  1.78611e-05  0  0  0  0
0.001  0  0  0  0  0  0  0  0  0.000168898  0  0  0  0
0.01  0  0  0  0  0  0  0  0  0.00160709  0  0  0  0
0.1  0  0  0  0  0  0  0  0  0.0163918  0  0  0  0
0.3  0  0  0  0  0  0  0  0  0.0356845  0  0  0  0
0.5  0  0  0  0  0  0  0  0  0.0915393  0  0  0  0
0.7  0  0  0  0  0  0  0  0  0.191082  0  0  0  0
0.9  0  0  0  0  0  0  0  0  0.742576  0  0  0  0
0.95  0  0  0  0  0  0  0  0  1.588  0  0  0  0
0.99  0  0  0  0  0  0  0  0  13.3757  0  0  0  0
0.999  0  0  0  0  0  0  0  0  103.426  0  0  0  0
1  0  0  0  0  0  0  0  0  92.5978  0  0  0  0
