1e-05  0  0  0  0  0  0  0  0  1.50249e-05  0  0  0  0
0.0001  0  0  0  0  0  0  0  0  0.000118885  0  0  0  0
0.001  0  0  0  0  0  0  0  0  0.000925914  0  0  0  0
0.01  0  0  0  0  0  0  0  0  0.00710021  0  0  0  0
0.1  0  0  0  0  0  0  0  0  0.0539728  0  0  0  0
0.3  0  0  0  0  0  0  0  0  0.157531  0  0  0  0
0.5  0  0  0  0  0  0  0  0  0.341927  0  0  0  0
0.7  0  0  0  0  0  0  0  0  0.67879  0  0  0  0
0.9  0  0  0  0  0  0  0  0  1.78424  0  0  0  0
0.95  0  0  0  0  0  0  0  0  2.86451  0  0  0  0
0.99  0  0  0  0  0  0  0  0  9.24278  0  0  0  0
0.999  0  0  0  0  0  0  0  0  11.0371  0  0  0  0
1  0  0  0  0  0  0  0  0  4.28914  0  0  0  0
